55.9
49.8
44.4
44.4
44.4
44.4
44.4
41.2
39.6
39.6
41.6
41
46
51.4
68.3
70.3
0
76.6
76.4
77
73.1
72.4
58.3
57.2
67.1
69.1
69.7
68.6
68.3
68.4
66.6
66.9
71.6
76.1
86.1
84.6
85.2
85.6
82.4
82.3
82.3
76.5
78
78.7
78.9
72.2
64.3
57.3
52
47.3
46.7
45.9
41.8
41.8
41.8
41.8
41.8
38.3
41.2
41.9
46.7
53.9
65.8
71.9
74.2
73
74.5
75.6
70.7
69.8
72.1
73.1
75
72.6
73.5
70
69.3
71.1
76
72.3
76.5
84.7
89.3
89.6
94.8
89.5
87.5
88.9
88.9
83.8
84.1
85
81.5
70.6
64.6
59.5
53
52.3
51.8
47.4
47.4
44
42.1
42.1
42.1
42.1
42.1
44.2
49.3
53.9
67.9
71
74.8
72.8
73.4
75.1
72.2
73.9
73.3
69.6
72.5
74.4
72.9
74.2
76.2
74.3
76.8
76.2
78.7
83.4
89.5
94.5
95.5
93.7
89.2
87.4
87.4
83.7
81.1
86.3
81.4
73.8
69
62.4
56.1
51.5
51.5
47.6
43.4
43.4
43.4
43.4
43.3
37.9
43
43
49.2
53.5
68.1
75.2
76
74.9
74.1
78.2
76.1
75.5
73.9
75.2
75.7
76.9
72.6
70.8
71.6
73.6
76
75.3
74.7
79.9
84.8
90.5
86.2
89.8
88.6
90.8
90.8
84.7
85.7
83.4
79.3
76.3
67.4
64.3
59.9
54.5
49.8
48.3
44.4
44.4
44.4
44.4
43.5
39.2
42.4
44.3
47.8
51.7
64.5
73.4
76.7
78.7
76.7
77.6
76.3
77.1
74.3
77.6
78.4
79.3
77.2
74.7
77
76.1
78.1
80.5
80.1
88.6
97.6
96.3
97.7
97.2
92.8
95
95
87.9
82.1
86.3
82.7
80.3
73.7
72.4
66.7
58.8
55.4
50.7
50.6
45.9
45.7
45.7
42.2
42.6
44.3
40
47.1
48.6
53.7
59.3
68.4
78.1
83.3
82
86.7
85
82.2
85.3
84.5
88.3
84
83.7
85.1
81.2
86.9
87.3
87.3
90.1
91.4
89.6
90.9
87.2
84.8
83
83
77.5
78.7
79.3
79.9
73.8
67.6
63.1
59.9
55.7
55.7
50
47
45
45
40.2
39.9
39.9
41.7
39.8
42.7
45.2
48.2
52.9
64.8
68.7
73
79.5
86.1
84.9
80.4
82.8
89.4
87.8
87.2
85.4
79.7
78.3
77
75.4
76.2
78.2
79.8
81.1
86.4
86.2
83.9
81.1
81.1
79.5
78.5
75.5
77.9
71.3
64.3
58.1
53.2
51
48.1
43.4
43.2
41.6
38.3
38.3
38.3
38.3
42.8
43.4
47.4
54.2
65.2
70.2
72.1
73.3
71.6
73.8
71.2
72.2
59.8
57.7
70.3
73.6
71.7
70.3
70.8
72.1
69.9
69.1
71.9
78
85.1
85.8
87.9
88.5
88.7
82.7
82.7
81.4
78.5
80.4
79.1
74.1
64.6
58.7
54.1
49.3
49
44.3
40.9
38.9
38.9
38.9
38.9
38.9
42.4
41.8
47.8
55.2
67.2
73.9
79.6
77.6
76.8
79.2
80
78.1
72.4
72.6
75.1
73
72.8
71.8
71.7
72
71.3
72.6
72.4
77.4
84
84.4
88.2
85
81.4
79.1
79.1
81.6
81.2
80.5
79.5
72.7
63.3
57.6
53.7
48.9
48.1
43
43
41.3
38.2
38.2
38.2
38.2
39.4
40.1
46.9
54.5
69.2
73.1
76.1
74
76.1
76.7
76.8
76.4
71.8
71.3
72
73.4
70.1
71.8
70.8
67.7
70.3
68.3
72.1
76
82.7
84.9
84.8
83.8
83.1
81.1
81.1
81.2
80.1
80.9
81
78.4
67.5
61.6
55.1
51
49.5
47.2
42.8
38.5
38.5
38.5
38.5
41.8
43.7
40
46.4
48.6
63.3
73.5
75.7
74.3
73.5
75.1
72.7
71.5
70.7
68.5
67.9
67.3
69
70.8
70.7
68.8
69.9
70.6
75.2
0
88.3
88.8
87.7
86.6
86.4
87
87
84.9
84.7
84.3
82.7
73.7
67.4
61
55.6
53.6
47.5
44.9
42.6
42.6
41.3
38.1
43
38.6
44.2
42.8
46.5
51.3
64.6
74.1
75.5
75.9
78
80.6
78.6
76.9
73.7
76.6
75.8
73.3
75.6
70.8
70
72.2
70
71
70.3
74.5
80.8
87.1
86.6
85.5
83.4
82.7
82.7
76.8
75.4
78.3
77
73.2
69.9
64.1
57.8
52
51
47.7
45.7
41.8
43.6
40.8
40.8
40.8
44.4
41.8
45.8
46.5
50.3
57.2
67
70.9
74.4
81.4
83.1
84.7
83.1
79.3
80
81.2
79.9
79.8
81
77.1
78.4
75.9
75.2
78.8
84.4
89.5
89.3
86.8
88.7
82.3
82.3
78.6
73.5
73.2
79
73.4
68.1
64.3
61.5
52.3
48.1
47.2
42.6
42.6
42.6
42.6
42.6
42.6
42.6
40.7
41.4
42.2
46.8
52
62.9
69.1
76
78.8
82.2
83
81.8
84.8
80
80.3
78.2
75
72.6
70.3
69.8
68.5
67.1
71.4
76.2
78.6
86.2
85.6
80
76.7
76.7
76.6
73.6
69
72.3
69
62.7
56.6
51.8
49.3
45.1
43.2
39.9
39.9
39.9
39.9
39.9
39.9
39.9
39.9
44.7
48.8
62.2
70.4
73.3
70.7
73.7
72
69
72.6
60.9
55.4
71.8
75.3
73.5
74.9
68.1
69.3
68.5
68.5
75.2
76.1
81.4
80.9
84
83.3
76.3
75.6
75.6
75.2
74.5
70.4
71
70.9
64.6
58.4
51.7
48.6
46.3
43.9
41.5
41.5
41.5
41.5
41.5
41.5
41.5
41.5
46.4
53.2
64.4
74
74.9
73.2
76
73.9
75.3
73.3
74.4
71.4
73.6
73.1
72.2
69.3
71.1
69.5
71.9
71.1
76.1
77.6
83
85.7
87.4
83.3
83.1
81
81
79.5
79.3
75.7
80.1
73.1
67.1
62
53.4
50
47.5
47.2
42.4
42.4
42.3
37.4
42.2
42.2
37
37.4
43.7
49.5
62.2
72.6
74.1
70.1
60.1
60.7
58.5
55.8
55.9
57.6
57
54.8
56.1
56.7
53.7
53.6
53.5
52.6
55.1
59.5
64.5
80.2
82
79.7
77.4
77.6
77.6
80
75.2
74.8
73.7
72.8
68.6
60.4
54.1
50.6
46.1
46.1
40.5
44.8
41.8
40.5
40.5
40.5
40.5
39.9
45.9
52.1
61.6
68.1
73.2
72.2
71.1
71.5
70.5
69.1
66.4
70
69.2
69.9
69.8
66
67.3
69.3
66.2
67.7
70.9
75.9
78.9
81
82
82.2
80.5
78
78
80.2
74.9
73.8
73.3
72.7
67.5
60.2
53.5
50.3
50.3
45
45
45
40.2
40
40
40
40
40
47.2
51.9
61.1
71.5
70
66.9
60.8
56
56.3
56.7
55.6
53.7
54.7
53
55.2
52.3
50
51.6
52.7
51.2
48.8
49.2
53.1
68.7
85.4
82.2
79.1
77.5
77.5
75.1
73.9
70.8
73.2
71.2
68.7
63
57.2
51.9
48.9
44
43.4
43.4
43.4
43.4
38.8
38.5
38.5
38.5
41.1
44.4
51.2
60.2
68.1
75.4
77.2
77.9
76.3
75.1
76.6
79.2
80.3
77.1
75.9
71.7
73.6
76.4
75.9
74.2
76.4
76
79.9
81.8
81.3
79.6
81.9
80.4
80.4
72.9
73.2
71.4
74.4
75.1
71.7
64.7
60.2
55.3
51.6
49.6
48.2
44.4
44.4
44.4
44.4
44.4
41.1
39.3
40.6
40.9
45.3
52.6
63.8
69
72.9
77.4
76.9
81
76.2
77.9
81.5
76.5
72.7
71.6
71
69.4
66.7
65.6
66.5
67.3
68.3
69
72.1
72.9
73.8
71.9
71.9
67.5
69.3
66.3
68.8
70.2
65.4
58.7
55.5
50.3
49.6
45.5
44.5
44.5
44.5
44.5
42.3
39.7
39.7
39.7
40.9
44.8
45.7
51.7
58.6
63.7
68.7
70.5
63.5
61.3
71.1
72.7
74.6
78.4
73.9
70.2
68.8
70
69.6
68.6
70
71.9
82.1
80.1
81.2
81.4
77.8
76.3
76.3
79.5
77.3
70.4
69.2
68.9
63.3
57.3
50.2
45.6
44.1
44.1
43.8
42.1
41.5
40
43
43
40.9
43.7
46.8
53.2
60.5
66.5
71.4
72.1
71.5
68.3
71.5
70.4
68.9
67.1
66.5
66.8
69
69.1
69.7
67.8
67.8
66.2
71.8
70.2
77.4
81.2
87.4
85
81.6
79.9
79.9
80.2
79
75.2
75.9
69.7
68.5
60.7
54.9
52.6
48.1
45.1
45.1
44.4
39.9
43.2
43.8
41.8
40.6
40.9
45
51.1
64.4
69.2
74.3
75.7
76.6
75.3
74.4
71.9
72.7
73
72
71.6
72.7
69.7
71.4
71.3
67.6
68.9
0
73
77.6
83.1
85.2
87.3
83.4
82.2
82.2
74.3
75
73
72.5
68.9
64.6
57.9
54
49.5
46.2
45.5
45.1
45.1
42.8
40.8
44
40.4
40.4
40.4
42.4
49.7
60.7
67.3
73.9
72.5
74.2
73.5
74
78.3
75.2
72
71.1
72.4
72.2
68.9
68.4
72.3
71.9
73.4
76.7
77.3
78.1
83.7
85.1
83
77.5
77.5
77.5
77.5
74.9
73.6
72.1
69.3
64.8
60
52
48.2
46.4
43.4
41.2
41.2
41.2
41.2
41.2
41.2
44.1
40.9
43.9
47.3
58.3
66.6
72.6
72.2
73.7
75
72.6
73.5
72.6
69.8
70.2
74.3
75.6
75.5
75.7
78.3
79.8
78.2
76.8
81.8
85.9
89.1
91.5
88.4
83.2
82.7
82.7
76.5
76.6
73.1
75.1
74.8
70.4
64.3
58.3
52.4
48.2
47.2
46.5
42.2
42.2
42.2
42.2
42.2
41.9
38.7
41.7
41.7
50.1
55.2
61.2
68.2
73.5
74.5
78.7
82
79.7
78.7
79
79.4
81.7
79.7
82.5
79.4
78.2
80.7
84.1
81.4
86
93.2
93.1
90.8
87.3
85.2
85.2
76.4
77.5
74.6
76.6
71.1
65
63.5
58.2
52.3
49.3
46.9
43.8
43.8
43.8
43.8
43.8
39.3
42.7
40.4
39
42.3
43.6
50.3
59.1
62.7
70.8
74.1
80.3
81.5
80.7
82.5
87.2
81.2
80
80.9
77.6
77.1
73.5
73.3
75.2
73.7
74.8
77.8
81
78.7
80
81.3
81.3
75.5
73.8
72.4
73.8
67.8
61
56.1
52
48.3
45.4
45.4
42.7
39.9
39.9
39.9
39.9
39.9
39.9
41.7
45
50.3
59.8
62.2
61.7
55.4
56
57.7
59.9
59.6
56.7
55.9
57.6
60
56.8
57.9
56.9
56.7
55.9
56.6
62.4
65.8
64.5
70.8
70.8
64.6
68
69.3
69.3
62
60
54.2
58.4
53.4
46.4
43.6
40
38
38
32.6
32.4
32.4
28.9
28.7
32.1
32.1
32.1
28.1
31.8
37.5
44.8
54.3
55.2
0
49.5
46.1
43.8
44.6
43.4
44
44.2
45.9
46.4
45.5
44.3
44.8
48.6
46.8
49.1
51.2
66.1
89.4
92.1
90.1
87.1
84.6
84.6
81.8
79.5
77.1
77.8
72.8
67.6
58.7
53
48.5
44.4
42.3
39.6
37.4
37.4
40.5
42.2
37.9
37.9
37.9
43.2
49.5
61.5
69.1
74.5
76.1
72.6
72.3
69.8
70.6
71.4
72
74.4
72.2
75.7
70.3
73.4
73.9
0
73.6
77.5
77.6
89.2
93.7
94.6
86.8
82.3
82.6
82.6
74.3
77.9
75
79.3
75.9
66.8
59.1
53.9
47.4
43.2
43.2
43.2
43.2
41.8
37.9
37.9
37.9
37.9
37.9
43.3
47.5
63
68.9
74.1
75.9
73.5
74.2
72.6
72.3
71.8
72.7
72.3
72.3
71.6
70.1
70.4
72
74.5
71.5
74.4
78.1
82.6
85.6
85.1
83.3
76.4
77.3
77.3
79.4
80.7
76.1
76.3
71.7
66
58.3
53.1
49.2
48.2
43
42.7
42.7
41.7
37.6
37.6
40.3
38.6
38.6
40.8
47.1
58
66.2
73.4
73.1
75.7
74.6
74.1
72.4
69.6
69.6
69.2
70.5
71.7
66.5
70.4
70.7
72.7
69.3
74.1
73.8
78.1
83.1
86.1
85
80.4
80.5
80.5
79.1
80.2
76.8
79.7
72.9
69.1
61.1
53.7
48.5
47.8
47.2
42.7
42
39.8
37.5
36.6
40.6
37.5
37.5
42
44
51.1
55.4
64.5
71.9
75.4
79.2
80.1
80.7
77.1
79.2
80.5
83.9
80.2
78.2
80.2
78.3
82.9
79
83
88.5
89.8
93.1
93.7
88.1
86
87.3
87.3
79.3
78
73.7
74.1
71.9
66.2
60.3
55.4
51.8
50.7
48.9
46.5
41.4
41.4
41.4
41.4
41.4
41.4
41.1
40.9
40.9
45.1
47.7
58.3
63.1
68.9
74.5
77.8
79.9
78.4
82.1
85.1
81.4
81.5
80.1
81.2
82.5
76.5
76.4
78.9
78.6
80.3
83.5
84.8
81.7
80.7
82.7
82.7
78.1
74.6
73.4
73
71.3
65.9
60.4
53.4
51.7
47.3
44.7
42.1
42.1
38.5
37.2
37.2
37.2
37.2
37.2
44.8
48.5
61.4
66.1
72.3
67.3
61.4
63.5
59
62
61.7
60.2
62.3
63.5
63.6
60.4
58.8
55.8
56.9
57.6
64.3
67.4
82
88.9
89.9
86.4
85.5
81.2
81.2
80.4
78.9
76.2
77
71.5
64.6
56.6
50.9
46.1
43.1
42.6
40.7
40.7
40.7
40.7
40.7
39.9
39.3
39
40.6
46.7
59.6
67.6
72.1
73.5
74.6
73.6
72.3
72
69.7
69.4
69.8
72.8
74.9
69.2
73.5
70.8
72.1
71
74
82.1
83.5
85.2
89.5
86.2
84.3
82
82
84.2
79.3
74.7
77.9
73.6
64
56
50.3
46.1
42.1
42.1
42.1
42.1
38
36.8
36.8
36.8
36.8
36.8
42.6
48.2
62.3
71.5
73
71.9
74.6
79.3
77.8
74.6
72.5
72
72.4
75.7
75.4
74.4
73.6
70.4
70.7
71.3
76
76.8
82.2
86.6
84.6
88.5
86.8
84.4
84.4
75.8
75
69.8
70.5
71.5
66.7
59.7
53.5
49
44.1
43.6
43.6
42.9
38.7
38.7
38.7
38.7
38.7
38.7
41
46.9
59.7
66.4
74.6
72
71.8
71.4
74
72.5
72.2
70
71.7
71.7
74.1
73.2
71.9
73.6
73.3
75.9
78.5
80.4
85.2
89.1
92.2
90.8
88.2
90.7
90.7
82
82.8
78.3
77.9
73.7
66.4
59.4
0
49.9
45.3
45.3
42.5
40.1
40.1
40.1
40.1
40.1
40.1
39.2
42
48
60.4
69.3
75
70.8
74
77.8
77.7
75.3
72.7
72.6
74.8
74.9
76.2
75.6
75.9
75.2
75.4
71.3
59.4
76.6
84.2
84.5
89.8
86.5
87.6
87.1
87.1
79.6
77
77.6
77.6
73
68.3
60.2
54.4
52.5
48.4
47.8
44.6
43.2
43.2
42.7
38.3
38.3
38.3
37.6
38.5
39.2
47.6
53.4
64.2
72.3
77.6
81.2
84
83.1
77.2
78.3
79.1
80.6
81.9
80.9
77.5
79.3
76.7
77.2
74.3
78.6
83.5
89.4
90.7
87
83.7
85
85
76.1
75.6
75
77.1
69.6
64.9
61.8
57
50.7
49.9
47.7
46
42.2
42.2
42.2
42.1
37.3
37.3
37.3
38.3
42.4
44.1
51.6
58
65.3
69.4
78.2
83.8
80.2
79.9
84.7
86.9
93.4
87.6
82.5
80.3
76
77.2
73.9
80.6
77
81.5
80.8
81
82.7
80.8
84
84
76.8
75.5
68.4
69.2
64.3
59.5
55.7
49.6
49.6
44.4
43.9
43.9
39
39.8
38.4
38.4
38.4
38.4
38.4
42.1
47.4
62.1
68.4
72.1
69.9
64.9
64.9
53.3
54.4
64.1
65.5
66.1
66.5
68.1
65.1
70
69.7
69.3
67.9
71.1
72
78.8
85.7
91.4
86.4
83.8
81.1
81.1
76.6
75.2
71.5
76
71.8
66.4
58.6
53.6
49.8
48.4
43.5
43
43
40.1
38
38
38
38
39.3
41.7
44.7
60.3
68.8
74.2
74.1
71.9
70.1
73.6
73.3
64.6
0
62.5
59.9
58
57.6
66.5
75.9
60.2
73
76.3
83.8
87.7
88.7
91.2
88.3
83.7
83.4
83.4
81.3
78
80.3
76.2
74.7
67.9
58.4
51.6
50.2
46.2
44
44
44
40.7
39.1
39.1
39.1
39.1
39.1
41.8
47.8
56.2
65.9
72.6
70.6
73.1
76
75.2
72.7
75.9
73.8
72.8
74.2
73.6
71.3
71.2
71.9
74.5
69.9
71.4
74.4
79
82.4
83.1
81.5
78.6
79.8
79.8
73.7
71.5
72.3
70.9
71.6
62.9
56.7
51.6
47.1
41.6
41.4
41.4
41.4
38.2
36.6
39.4
35.9
36.8
37.1
42.7
46.1
59
61.7
65.9
69
73.1
78.8
77.4
75.8
78
75.4
79.1
78.9
78
76.9
79.3
78.3
74.8
74
77.1
77.4
83.8
86.8
89.7
87.9
84.1
83.4
83.4
82.4
80.9
71.7
72.9
71.9
67.5
59.8
54.7
53.5
45.3
44.5
43.8
39.3
39.3
39.3
39.3
39.3
39.3
39.3
44.3
48
59.3
65.2
68.8
72.7
73.4
76.8
76.5
79.5
75.6
77.6
79.1
81.2
82.1
81.3
82.1
79.9
77.5
77.3
78.7
82.3
84.7
90.1
89.5
87.1
85.4
80.7
80.7
82.4
75.3
70
73
72.2
68
64.4
59.7
52.6
49.2
47.2
44.3
44.3
43
39.4
39.4
39.4
39.4
39
39.9
41.5
44.9
54.6
60.2
68.2
71.7
74.9
77.1
82.3
80.7
82.5
81.8
79.6
83.2
83.6
85.1
86.7
81.7
80.7
79.8
81.5
87.7
91.3
91.7
87.4
84
80.6
80.6
73.4
74.3
70.6
71.6
71.7
71.5
62.4
56
50.9
50.1
49.1
45.1
45.1
42.3
40.2
40.2
40.2
40.2
40.2
40.2
42.5
46
53.6
60.2
61.8
67.8
77.4
80.4
81.4
84.9
86
84.4
82.2
79.5
77.6
80.9
77.3
71.2
73.5
73.9
72.8
74.8
79.8
80
79.4
80.3
75.8
75.8
72.9
72.3
70.1
72.7
72.8
67.2
61.9
53.5
50.8
47.1
46.4
42.3
42.3
38.8
37.3
37.3
37.3
40.1
39.7
46.5
46.5
55.5
61.4
64.1
70
71.3
77.7
66.5
67.2
77.1
77.5
79.4
79.9
80.5
79
75.7
73.5
73.2
72.9
74.5
77
84.3
90.1
89.4
89.2
84.4
83
83
77.2
78.8
71
74
67.2
62.4
58.7
52.2
49.3
44.6
44.6
41.1
39.6
39.6
39.6
39.6
39.6
39.6
39.6
44.4
47.5
58.2
59.8
68.8
71.8
75.1
79.8
76.8
77.4
72.3
71.8
71.4
70.1
69.8
69.6
69.8
71.7
71
71.7
75.3
76.1
82.1
85.1
86.8
87.3
82.9
79.2
79.2
77.2
74.7
77.1
77.6
75.3
66
58.1
55.2
48.7
45
45
45
43
39.5
39.5
39.5
39.5
40.4
39.2
42.1
47.3
59.1
64.4
68.6
72.4
75
78.8
76.7
76.2
73.3
77.9
78.2
74.4
74.4
76.6
75.7
77.8
74.1
73
78
80.8
83.3
85.7
87
86.5
82.1
83.2
83.2
80.6
79.6
74.6
78.1
72.8
68
58.8
54.6
49.9
47
47
42.4
42
40.5
36.9
40.3
41.4
41.4
37.7
43
47.8
57.5
64.6
65
71.5
73.6
77.4
75.7
74.4
72.4
71.7
72.8
76.1
75.7
75.7
78.1
76.6
72.9
75.2
77.7
78.4
82.5
82.3
86.5
87
88.4
85.5
85.5
80.8
78.9
75.2
78.5
77.3
70.6
61.8
56.8
49
48.7
47.4
43.8
43.8
43.8
40.1
40.1
38.1
39.3
37.9
43
48.5
58.1
62.7
65.2
71
75.1
81
80
80.4
77.9
75.7
76.7
76.3
75.5
74.4
72.7
70.5
70.2
70.3
73.3
74.3
84
84.5
85.8
85.7
82.7
83.8
83.8
83.4
78.7
74.9
75.4
71.5
65.5
61.3
55.9
51.4
48.6
47.9
43.2
43.2
41.2
37.8
37.8
37.8
40.5
43
43.2
45
50.9
53.8
64.7
69.8
77.3
79.4
80
79.3
79
79.7
83.7
81.6
85.2
82.5
80.8
80.6
80.1
78.3
78.4
80.2
85.2
87.9
85.8
83
79.8
75.8
75.8
73.8
73.9
72.9
76.1
70.6
66.5
63.8
58.3
53.3
50.1
48.1
43.2
43.2
43.2
43.2
43.2
43.2
43.2
43.2
43
43
43.1
49.5
58.4
59.7
65.4
71.7
78.1
84.3
82.7
80.6
85.7
87.5
84.1
80.9
81.5
78.2
80.9
80.1
79.2
79.8
84.8
85.7
87.2
83.6
81.9
78.9
78.9
73
72.5
69.4
71.8
68.2
66.9
57.9
52.5
50.4
47.3
44.7
42.4
42.4
42.2
37.2
39.6
38
43
39.1
40.8
61
77
82.3
91.6
93
96.9
101.2
86.6
88.5
100.6
102.8
102.7
101.9
96.9
96.3
95.6
94.7
93.6
94.2
102.7
99.4
106.4
90.3
92.6
83.2
80.4
81.3
81.3
79.3
82.1
78.4
77.1
70.6
65.7
59.1
53.5
49.6
49.6
45.2
44.8
44.8
41.9
39.7
39.7
40.2
42.8
40.3
43.7
48.9
57.6
63.1
71.1
73.1
74.6
75.4
75.8
75.5
75.6
71.5
73.2
74.5
73.5
72.4
73.6
73.5
72.8
78.3
79.2
83.3
90.4
90.3
85.7
81.2
79.2
78.9
78.9
78.9
80.2
74.8
77
69.6
62
0
55.9
51.2
47.3
45.2
45.2
43.8
40.3
40.3
40.3
40.3
41.1
39.4
44.4
47.6
58.7
63.3
68
74.9
75
76.6
71.2
76.8
72.9
74.4
71.6
71.7
69.6
70.2
75.5
79.1
77.4
73.4
78.8
82.6
88.3
95
96.7
90.9
89.9
83.4
83.4
84.6
81.5
77.1
77.2
75.2
69.9
59.2
55.1
51.7
46.9
46
43.9
40.4
40.4
40.4
40.4
40.4
40.4
40.4
43.1
48.8
62.3
65.2
69.5
72.5
73.9
76.6
75.6
76.7
73.1
71.5
74
75.8
75.2
73.7
77
75.3
75.9
78.4
84.6
86.4
92
98.3
97.7
96
92.1
90.3
90.3
90.1
85.8
81.2
79.9
75.7
68.7
60
56
51.2
46.5
46.2
42
40.9
40.9
40.9
40.9
40.9
40.9
40.9
45.4
47
58.6
62.3
68
75.2
73.6
76.8
78.8
79.9
72.9
73.7
77.3
76.7
79.9
78.5
75.8
77.3
77.9
76.3
77.3
77
78.8
83.7
82.6
81.7
83.5
86
86
82.1
82
80.2
76.4
74.1
70.2
65.1
58
54.4
48.8
46.5
43
43
43
43
43
43
43
43
43
43
49.2
52.4
63.8
70.5
75.3
78.7
81.2
83.2
76.5
78.3
81.2
80.9
80
80.6
81.3
82.1
79.5
77.5
80.8
84
87.2
89.6
87.5
86
83.7
83.7
83.7
79.3
78
78.9
80.3
75.8
69.9
63.7
60.6
55.7
50.7
49.6
45.2
45.2
45.2
45.2
40.5
40
40
40
40
40
41
49.7
58.6
67.2
71
76.9
82
83
81.9
82.2
85.5
85.7
85.4
83.2
82.4
78.6
76.4
76.1
76.2
76.9
80.4
82
81.1
78.8
75
74.1
74.1
74.4
73.9
74.7
74.8
72
65.5
57.6
51.6
48.5
45.8
45.8
45.8
45.8
41.5
40.5
40.5
40.5
43
40.6
45.2
46.6
59.6
62.5
67.9
69.3
73.5
79.2
66.9
64.2
76.4
76.3
76.9
78.5
76.2
74.7
75.5
74.2
72
70.7
71.3
73.2
78.7
81.6
82.4
78.9
78.2
74.8
74.8
73.9
70.9
70.1
77.3
75.1
69.6
61.8
54.6
49.2
45.6
44.1
44.1
44.1
44.1
39.3
38.7
41.5
40.1
39.8
42.6
47.7
59.2
63.2
70.1
72.8
77.4
79.5
78.1
77.3
75.7
75.9
72.2
72.2
67.9
68.5
68.8
69.4
69.7
74.3
75.8
80.7
85.9
89
84.4
77.1
78.6
79.4
79.4
85.4
84.4
82.9
71.6
64.9
58.4
0
53.1
50
48.7
43.9
43.9
43.9
41.9
38.8
38.8
38.8
41.1
43.6
43.6
49.6
58.1
63.8
67
73.2
74.1
75.2
75.5
74.5
75.8
74.7
75.8
73.1
71.6
73.7
73.3
72.4
68.9
70.1
76.1
75.2
78.1
83.6
83.8
82.8
78
77.5
77.5
77.1
80.2
74.3
75
71.6
66.8
60.2
54.8
51.3
49.2
45.7
40.9
40.9
40.9
40.9
40.9
40.9
40.9
40.9
42
45.3
58.8
63.6
68.6
72
71.6
75
75.9
77.1
75.2
72.1
71.7
71
73.6
73.1
75.7
76.5
76.4
74.3
76.5
78.3
82.8
86.7
88.2
86.2
81.3
81.9
81.9
79.4
73.5
72.7
75.9
71.3
67.5
59.8
53.2
47.1
44.2
42.1
42.1
42.1
42.1
37.2
37.2
39
42.1
36.7
40.9
43.1
56.5
58.7
66.8
71.1
74.2
76.7
76.6
76
73
74.9
74.7
75
76
76.4
74.7
73.5
72.3
72.6
76.4
78.7
81.6
85.5
88.5
82.3
78
78.1
78.1
76.5
76.4
76.4
77.6
73.5
68.1
57.4
55
50.4
46.9
45.5
45.5
42
40.4
40.4
40.4
40.4
43.3
40.9
40.9
44.7
49.7
53.7
64.1
69.1
72.8
75.6
82.3
81.6
80.2
80.8
84.6
84.6
85.2
82
82.1
81.9
80.6
81
78.2
78.5
84.1
88.3
90.3
87.5
86.1
82.7
82.7
80.6
76.9
78.6
77.3
75
68.8
62.9
60.2
53.9
53.1
49
49
44.5
43.6
43.6
43.3
42.4
44.1
44.1
42.2
44
45.7
50.9
59.9
62.4
70.4
79.4
80.4
82.8
86.2
82.9
88.1
83.9
82.7
83.8
78.1
79.3
74.1
71.7
73.3
75.2
73.1
79.4
81.2
76.1
76
75.2
75.2
73.8
71.3
70.9
73.3
70.4
66.5
59.3
53.4
47.7
45.6
42.2
42.2
42.2
41.7
37.1
37.1
37.1
41.7
42.6
42.6
46.2
55.9
58.3
65.9
72.9
74.6
78.6
65.2
63.4
73.8
74.6
76.8
76.2
79.4
78.2
77.9
76.9
76.5
74.5
79.5
80.8
84.4
89.1
91.3
88.5
87
80.6
80.6
83.7
78
79.3
77.5
69.1
62.6
55.6
51.7
49.9
45.2
44.4
44.5
43
39.5
39.5
39.5
41.5
45.5
45.5
45.5
46.9
57.7
58.6
69.7
73
75.9
75.5
77.7
76.7
76.4
79
78.6
80.6
78.1
78.1
77.5
79.2
76.1
75.1
78.7
79.4
85.5
92.3
96.3
91.1
85
82.2
82.2
80.5
79.5
80.1
80.1
74.4
64.5
57
51.9
49.8
46.8
44.6
44.6
41.2
39.7
39.7
39.7
39.7
43.9
41.3
43.8
48.8
61.3
61.2
69.4
73.2
75.1
78.4
80.2
80.7
76.7
76.3
77
77.7
77.2
77.1
75.2
77.4
74.7
73.3
72.7
75.9
82.7
83.7
85.6
82
85
81.5
81.5
81.9
81.7
79.3
80.8
73.8
67.3
58.6
51.8
50.9
51
46.5
44.9
41.2
41.2
41.2
41.2
41.2
41.2
44.7
45.4
47.2
58.5
62.7
69.7
77.1
79.3
74.8
77.6
80.8
78.5
77.7
77.6
77.8
78.4
74.8
76.8
77.2
77.9
76.3
81.3
82.1
89.2
96.9
93.3
89.3
90.4
84.2
84.2
82.4
80.3
82.2
80.7
76
67
59.5
54.3
50.9
47.5
43.7
42.3
41.8
36.8
36.8
41.2
41.6
41.6
41.6
41.6
43.3
52.6
60.2
66.6
74
75.7
77.9
75.5
73.8
77.2
75.2
75.8
77.2
75.1
76.3
79.4
77.5
73.6
75.8
78.1
78.5
84.3
86
89.1
86.6
85.1
82.6
82.6
78.1
78.8
82.3
76.9
74.3
68.9
63.1
57
51.7
48.7
47.1
42.7
41.8
41.8
41.8
41.8
41.8
41.8
40.7
39.9
42.3
47.7
55.4
65.1
73.1
74
78.3
79.8
78.6
77.4
76.8
81.2
78.8
78.3
80.5
80.1
80.7
77.4
79.5
79
82.6
84.4
84
92.3
91.1
93.4
87.8
87.8
81
76.2
75
75.3
73.6
68.3
59.8
55.9
51.1
51.1
48.2
46.3
44
40.9
40.9
40.9
41.8
45.9
41.1
41.1
41.1
43.6
50
60.6
66.5
68.6
76.2
80.6
82.3
82.9
85.3
88.2
86.9
84.9
80.1
77.3
77.1
74.9
75
73.2
72.6
70.9
77.7
80.7
73.9
71.1
72.6
72.6
73.1
72.5
73
72.6
65.8
62.8
60
56.7
52.8
50
45.7
45.7
45.3
40.7
40.7
40.7
40.7
44.8
42.2
40.7
40.7
44.3
48.2
55.4
59.9
64.2
72.3
62.6
62.2
76.9
80.3
79
81.7
80.4
77.5
79.4
80.4
79
79.6
82.8
81.2
88.2
90.2
89.1
88.1
84.9
79.8
79.8
72.7
77.9
80
76.7
70.4
66.2
59
54.5
50.6
47.3
45.4
45.4
43.6
40.9
39.8
39.8
41.5
42.7
44.9
44.4
46.7
56.4
61.4
70
72.2
74.9
80.5
81.5
78.7
78.1
77.9
81.5
79.2
79.8
78
75.9
77.1
77.5
77
78.6
79
80.6
83.7
87.7
86.3
86.7
85.1
85.1
80.1
81.8
83.9
79.6
71.4
66
60.6
55
49.7
49.3
47.1
43.8
43.8
41.2
38.5
38.5
38.5
42.3
41.2
45.9
49.6
59.5
64.2
68.3
74.6
77.6
77.1
78
76.2
74.9
76.9
81.1
83.9
83.2
80.4
75.6
77.2
77.5
74.8
79.4
82.3
89.1
90
92.2
90
88.3
88.5
88.5
82.4
83.6
85.1
79.7
74.2
67.4
58.1
56.1
50.4
45.8
45.8
42
40.3
40.3
40.3
40.3
40.3
40.3
42
44.8
46.9
58.8
60.7
69.7
70.8
74.6
76.8
80.6
80.6
80.4
77.9
80
79.8
77.6
79.8
82.2
79.9
78.6
76.2
80.5
80.2
88.9
92.2
94.9
92
89.6
85.4
85.4
86.5
83.5
83.9
81
74.8
71.5
65.1
56.8
52.8
50
46.9
43.6
41.4
41.4
41.4
41.4
41.4
42.7
42.5
44.7
51.3
55.9
63
67.9
70
74.1
76.9
78.7
79.4
76.4
77.2
78.8
79.5
76.7
74.2
78.1
76.4
76.3
77.4
77.6
82.8
88.1
88.5
95.9
89.7
90
86
86
79.2
77.4
80.7
78.5
73.3
70
62.5
59.5
55.5
50.1
46.7
46.7
44.9
41.9
40
42.2
40.1
44.4
43.6
45.3
45.3
50.4
52.2
59.9
70
77.5
80.2
82.9
79.7
79.1
82.6
82.7
84.8
82.1
78
80.4
78
79.6
76.7
78.1
84.3
89
93.3
92.8
88
90.2
85.7
85.7
79.2
77.5
83.3
81.5
75
71.4
66.2
59.8
57.6
52.6
49
47.1
46.1
42.1
42.1
42.1
42.1
42.1
42.1
42.1
42.1
46.9
52.3
59.9
63.9
69.1
73.4
78.6
80.5
81.9
84.9
88.7
85.5
87
83.5
77.8
75.6
79.7
77.8
82.9
82.7
82.9
87.2
85.1
86.8
83.7
80.5
80.5
72.2
73.6
74
73.3
67.5
61
58.2
50.9
48
45.9
45.5
41
41
41
40.7
35.8
39.4
41
45.6
45.2
48.9
57.7
62.6
68.7
71.7
77
78.6
69
63.3
78.7
77.3
79.2
77.8
76.5
75.9
74.1
74.9
75.3
76.5
75.7
75.9
79.1
85.8
86.4
85
80.4
79.8
79.8
76.7
78.1
80.2
79.6
73
65.7
60.5
52.6
48.5
47.4
45.9
42.5
42.5
41.3
37.5
37.5
42.4
43
43
44.5
51
60.4
61.9
71.1
71.3
74.9
77.5
76.2
76.6
76
73.9
75.3
76.7
75
72.4
73.6
71
70.8
71.1
73
74.8
83
83.6
87.6
84.1
80.6
79.6
79.6
77
75.7
82.8
77.5
71.2
64.2
56.3
52.1
48.8
46.8
44.6
42.5
42.5
38.1
37.8
37.9
41.1
43
43
47.2
48.8
58.3
63
70
72.3
75
77.1
76.2
77.7
79
78.8
79.1
77.3
76.4
73.7
72.5
73.7
74.1
72.4
77
74.4
79.6
84
88.5
88.9
82.5
80.7
80.7
75.8
79.1
85.9
80.5
74.3
66.4
60.7
55.1
52.2
49.6
46.2
44.3
43.3
39.2
39.2
39.2
39.2
39.2
42.8
46.5
46.5
59.1
60
68.5
72
76.1
76.3
77.3
75.9
79.1
78.6
76.1
78.5
75.4
75.6
74.7
79.2
78.9
78.1
78.9
80.8
86.7
92.2
98.9
93.1
91.4
90.3
90.3
88.1
87.1
91
82.3
76.2
71
64.5
55.8
52
50.4
47.2
45
40.7
39.7
39.7
39.7
39.9
43.5
45.7
45.7
48.3
60.6
64
68.4
75.2
81
80
79.8
77.8
79.9
79.6
81.7
81.7
79.6
80
81.7
81.5
80.3
81.2
81.9
85.6
94
96
97.7
95.5
96.3
94.2
94.2
86.6
88.3
85.3
81.8
77.6
70.5
62.5
57
55.6
51.7
48.4
45.3
45.3
41.4
40.5
40.5
40.5
46.7
46.7
43.8
47.3
49.9
54.7
64.8
69.1
74.5
82.9
84.9
81.8
82.6
84
87.5
84.8
85.1
88.5
84.4
85.4
80
83.7
85
88.4
89.8
89.4
90.7
93.2
88
82.2
82.2
83.2
83.4
85.4
81.9
80.9
69.3
64
59.9
51.3
49.9
48.9
44
44
44
44
42.8
39.9
44
44.8
44.4
43.6
45.7
47.8
60
66.1
70.6
75.5
84.1
82
86.6
86.6
89.2
88.8
83.7
80.7
81.5
81.7
78.6
78.1
80.2
78.9
81.2
82.1
82.6
83.8
81.1
80.1
80.1
76.6
80.6
84.1
77.8
69.9
64.6
60.5
51.9
50.5
48.4
43.4
43.4
43.4
42.4
38.2
38.2
38.2
40.9
43
43.6
47.1
62
63.5
71.6
73
75.4
75.8
64.5
64.9
77.4
74.6
75.6
77.4
72.4
74.3
74.5
71.7
70.7
70.8
74
75.9
77.9
84.4
83.5
83.1
80
74.8
74.8
75.3
78.9
82.5
77.3
72.4
64
60.2
54.2
50
44.7
44.7
44.7
42.9
39.8
39.8
39.8
42.6
43.5
45.8
45.9
49.5
60
63.2
67.7
76.5
74.8
76.2
76.9
77.8
77.8
76.7
77.5
79.3
78.4
74.3
72.1
75.3
76.2
73.9
77.5
83
85.4
90.7
87.6
82.9
81.7
84.5
84.5
85.5
84.8
84.6
77.5
72.3
68.3
62.9
55.4
51.7
51.7
47.2
46.5
46.5
42.8
42.5
41.7
41
46.4
46.8
49.3
49.2
61.2
64
68.6
72.3
77.2
80.3
78
82.3
78.4
81.4
81.6
82
80.7
75.9
79.8
78.4
77.4
76.1
80.2
80.4
83.7
86.5
90.3
89.4
86.6
80.2
80.2
83.1
87.7
85.6
76.9
69.7
62.9
57.9
52.6
50.1
46.8
44.6
44.4
39.2
39.2
39.2
39.2
39.2
42.9
45.1
49.1
48.6
58.4
66.2
71.4
77.2
83.1
83.7
85.8
85.8
85.7
81.9
82.2
79.8
74.6
76.5
78.4
79
78.4
76.6
76.7
81.9
85.3
87.1
87.3
89
85.4
84.8
84.8
86
87.4
84.9
78.5
71.9
67.7
61.1
55.6
52
47.7
47.7
47.7
42.9
42.9
42.9
42.9
42.9
42.9
44.8
48.4
48.4
58.3
63.6
69.5
73
62.6
65
63.8
64.7
64.8
66.5
68.1
64
66.2
63.6
63.2
65.5
61.5
65.7
83.4
85.5
86.6
92.3
96.5
94.7
88.6
88.1
88.1
83.9
87
84.8
81.5
72.5
70.7
64.9
61.3
56.6
54.6
54.6
49.9
49.2
43.8
43.8
43.8
43.8
43.8
46.5
48.9
44.4
50.4
55.9
63.4
71.6
82.4
85.7
90.8
90.8
90.2
90
87.7
92.1
88.6
87.8
87.4
86.8
87.6
88.4
85.3
87.1
93.4
90
93.6
90.7
89.3
92.9
92.9
91.6
89.8
87.2
81.1
77.5
71.1
65
61.5
57.4
52.1
50.4
46.9
46.9
46.9
46.9
44.3
41.6
46.7
46.7
46.7
45.4
46.4
53.3
64.1
69.1
72.8
80.3
82.4
83.8
87.7
88.1
90
90
91.1
89.1
85.6
86.5
83.3
82.7
82.9
80.2
87.5
88.3
91
88
87.4
87.4
87.4
87.2
89.4
83.7
77.2
69.5
64.4
61.2
53.9
52.9
52.4
47.1
46.8
42.1
42.1
42.1
42.1
44.3
45.5
44.3
49.6
47.9
60.9
69.3
73.1
76.1
76.7
76.7
63.4
60.3
69.4
77.1
79.9
74.8
73.7
74.1
73.9
72.2
72.1
70.6
79.5
80.1
80.3
83.9
83.8
84.6
82.9
84.8
84.8
84.2
87.8
83.7
79.2
72
63.2
58.1
53.9
51.8
46.5
46.1
46.1
46.1
41.9
40.7
40.7
44.7
45
46.1
51.2
49.4
60.9
63.1
69.3
73.9
74.9
76.5
82.1
82.2
78.4
78.6
79
78
78.3
76.3
76.4
73.3
72.3
71.8
76
79.9
84
90.7
89.6
85
83.5
83.9
83.9
80.1
89.5
87.8
83.6
74.8
67.2
59.7
54.8
51
47
43.7
43.7
43
38.4
38.4
38.4
43.9
44.1
44.1
50.8
51.1
62
66.5
70.8
77.6
78.9
79.4
75.5
79.3
78.9
75.4
77
79.8
75.9
75.5
75.2
76.3
73
72.9
77.1
80.2
82
82.4
84.1
86.3
83.6
79.3
79.3
79.4
86.9
85.9
79.4
72.1
64
59.3
55.6
50.2
44.4
44.4
44.4
43.7
39.3
39.3
39.3
40.5
41.8
45.1
48.7
47.2
60.9
65.6
69
74.3
78.7
81.3
79.3
80.4
80.7
78.2
76.5
75.1
73.4
73.3
74.9
73.7
72.4
75.7
80.1
85.6
88.2
90.2
91.2
87.7
81.8
80.5
80.5
88.2
93.1
89.4
84.3
75.1
68
61.1
54.2
51.8
47.1
47.1
44.3
42.1
42.1
42.1
42.1
42.1
42.1
42.9
50.7
50.3
60.3
64.3
72.8
77.8
79
81.2
81.7
76.8
78.7
75.8
73.9
78.2
76.1
75.8
79.3
78.8
78
74.2
76.9
81.6
84.3
86.4
88.8
88.7
83.5
83
83
85.3
87.2
86.4
80.3
73.9
69.1
63.7
61.7
54
50.7
48.2
43.9
42.8
42.8
42.8
42.8
42.8
42.8
47.5
46.5
43.7
51
58.9
64
70.8
78.4
83.5
82.8
84.8
84.7
84.2
81.9
85.1
82.3
84.7
87.3
88.4
85.9
87.1
85.7
88.6
89.2
94.1
94.4
93.1
87.8
88.4
88.4
86.2
86.2
83.2
77.9
72.4
68.2
63.2
61.6
58.6
53.9
48.2
47.9
47.5
43.6
42.7
42.7
42.7
42.7
44.1
47.8
42.9
46.2
53.6
63
69.7
73
78.6
83.3
83.5
83.4
86.1
87.8
90.3
85.8
80
79.7
75.5
75.3
70.2
72.1
73.6
75.9
81.8
82.2
78.4
77.3
74.3
74.3
81.9
89.5
81
75.6
70.7
64
56.1
50.5
47
47
47
42.2
42.1
42.1
42.1
42.1
42.1
43.4
44.4
49.3
49.3
62
70.4
72.5
73.7
75.9
77.9
66.8
64
75.3
75.7
77.9
78
76.6
76.9
79.7
77.4
73.6
77.3
77.2
78.3
85
87.4
87.9
88.6
84
85.1
85.1
91.7
90.8
86.8
78.1
71.7
63.7
58.7
52
50.4
47.6
44.9
44.7
39.9
39.9
39.9
39.9
41.2
43.7
45.8
49.5
49.6
62.5
68.3
73.5
76.2
76.4
74.9
78.2
77.2
74.9
78.8
77.6
77.6
76.3
75.5
74.9
73.9
73.1
74.4
76.1
79.4
84.8
91.3
95.8
96.2
92.7
87.2
87.2
93.5
91
84.7
79
70.8
61.3
53.3
49.4
46.6
46.6
42.8
40.9
40.9
40.9
37.7
35.9
38.6
41.7
42.6
48.7
54.3
67.7
76.2
77.5
72.1
78.1
77.9
77.3
76.4
75.3
76.8
78.1
76.8
73.2
75.1
74.6
74
74.3
80.1
84
87
92.4
93.5
91.7
85.3
82.2
86.1
86.1
94.6
86.8
75.8
69.7
63.8
55.9
0
49.5
48.5
44.6
43.6
43.6
41.5
38.8
38.8
38.8
38.8
40.1
44.4
46.9
50.5
65.8
76.7
78
74.8
77.7
79.1
80.7
75.4
73.8
73
73.7
74.7
73.7
75
80.3
74.8
75.3
77.4
83.2
81.8
86.3
89.8
91.2
88.7
89.4
87.1
87.1
96
90.4
86
77.7
71.4
63.9
55.3
52.3
48.6
44.7
44.7
41.1
39.1
39.1
39.1
39.1
39.8
44.4
44.6
50.3
51.5
65.8
74.7
78.8
80
78.3
82.9
80.2
78.2
71.9
71.3
73.9
75.7
76.9
74.8
73
79.7
79.2
76.5
77.4
80.5
85.2
86.2
91.2
89.5
89.8
87.6
87.6
94.5
92.4
87.4
78.9
71.2
67
60.9
55.8
53
51.1
49.3
48.2
44.2
44.2
44.2
44.2
44.2
44.2
44.2
47.7
50.4
55.4
60
67.8
73.8
78.4
82.8
87.2
85.3
87.2
86.2
84.9
89.8
89
87.2
86.9
88.4
88.7
85
84.7
87.4
90.2
91
94.1
92.1
93.9
94.6
94.6
95.1
90.4
87.3
83
77.4
68.9
62.7
58.9
54.3
51.8
47.7
45.2
41.5
41.5
41.5
41.5
41.5
43.2
44.4
46.5
46.5
43.7
50.6
61.9
65.5
72.7
81
85.4
82.5
85.3
86.7
90.6
89.4
84.2
81.9
84.8
84.6
82.7
79.9
80.4
79.7
83.3
88
91.9
91.5
94.4
95.8
95.8
96.4
91.1
86.3
76
68.3
61.9
55.7
50.4
47.2
45.8
45.6
43.9
40.1
40.1
40.1
40.1
40.1
41.6
43
49.7
53.8
68.8
77.8
78.5
77.2
77.6
78.5
63.4
65
74.5
72.9
77.5
78.6
75.2
72.8
72.2
74
75.6
75.6
78.7
85.3
93.6
94.7
95.6
93.8
91.6
89.9
89.9
92.7
92.9
87.8
76.6
65.9
60.3
55.7
48.7
48.7
48.3
43.2
43.2
43.2
43.2
43.2
43.2
43.2
43.2
45.1
51.5
56.9
69.1
76.4
80.2
79.8
78.7
79.8
79
76.5
74.6
71.9
73.8
74.3
73.6
74.8
72.6
74.4
74.6
77.2
80.1
83.8
87.2
94.1
95.6
92.8
87.3
90.4
90.4
96.4
95.1
88.7
79
71.8
63.6
55.4
52.2
48.3
46.5
43.4
43.4
43.4
40.7
38.6
38.6
40.3
43.7
43.7
49.9
55.7
75.5
75.9
77.4
73.3
69.5
72.7
74.4
73.3
74.1
71.9
72.2
78
76.1
74.8
77
77.6
78.5
77.8
84.2
87.9
92.9
97.9
98.3
99
94.6
94.3
94.3
100.4
93
86.8
80.2
74
65.5
57.8
54.1
49.6
46
42.6
42.6
42.6
42.6
42.6
42.6
41.9
42.5
44.4
51.6
56.7
71.1
79.5
80.2
80.4
79.2
79.6
80.3
77.7
74.5
73.4
76.1
76.7
72.5
72.3
75.3
76.3
80.7
80.2
83.4
82.2
85.7
90
90.5
89
85.4
85.5
85.5
97.6
96
88.6
79.7
73.7
63.9
57.2
52.2
50.6
47.1
47.1
42.1
41.7
41.7
41.7
41.7
41.7
41.7
42.6
51.8
56.4
69.9
77.7
83.9
83.7
80.5
83.4
81.9
80.1
79
74.8
74
78.2
80.5
80.8
84
81.7
81.3
83.3
84.5
87.5
87.7
89.8
94
93.6
90.4
86.5
86.5
99.6
93.9
88.8
80.9
76.7
72.3
65.3
59.5
57.4
54.1
54.1
49.8
47.7
43.8
43.8
43.8
43.8
45.4
45
50.7
50.4
54.8
58.5
67
79.7
82
86
88.5
88.4
88.2
88.1
88.1
86.6
84
84.8
85.1
82.7
81.5
79.8
84.1
92.4
96.4
100.1
99.5
99.4
93.6
93.6
93.6
96.5
90.2
84.6
81
74.8
69.3
65.1
60.8
56.8
52.5
52.5
49.4
47.7
43.6
42.6
42.6
42.6
42.6
47.3
51.3
47.4
48.7
53.3
61.5
68
72.4
79.7
86.1
85.9
92.4
94.4
95.2
91
93.9
87
88.9
86.7
87.2
82.3
82.1
84.7
87.1
88.5
91.3
91.1
88
94.5
94.5
95.8
88.4
82.5
74.8
67.9
63.3
56.8
52.9
48.1
47.8
46.4
42.5
42.5
42.5
42.5
42.5
42.5
43.7
46.5
51.1
55.7
72
80.2
82.7
77.9
79.1
77.6
63.1
60.9
76.1
75.9
79.1
78.7
76.6
71.7
72.8
73.4
73.7
74.8
79.7
82.9
87.2
93.3
95.8
98.8
93.6
95.3
95.3
96.1
93
84.1
76.9
68.8
63.6
55.1
51.6
51.6
46.6
45.8
45.8
43.5
40.8
40.8
40.8
41.5
46
46.9
51.4
57.1
71.4
76.3
76.6
74.8
77.9
80.5
80.8
77.2
75.7
75.6
78.4
78.6
76.8
74.1
71.5
73.1
75.9
76.6
81.7
82.2
83.5
88.6
90.7
88.6
87.7
89.5
89.5
102.7
96.8
89.4
83.3
74.6
65.7
58.4
52.9
49.8
49.2
44.2
44.2
44.2
43.5
39
39
39
43.4
44.7
49.7
56.4
72.6
78.4
79.7
77.4
79.1
77.3
76.5
76.7
73.6
72.1
73.5
76.6
77.2
75.7
72.2
75.3
75
75.6
79.8
79.5
82.2
88.3
90.7
90.2
90.6
94
94
94.5
91.3
84.1
75.7
67.5
63.5
54.5
52.9
49.3
49.3
45.9
44.5
44.5
39.7
39.3
39.3
39.3
43.5
45.5
50.9
57.4
72.7
77.9
79.2
81
81
79.8
77.9
78.7
73.1
71.3
74.1
76.9
74.2
72.8
75.8
74.7
73.9
72.6
81
83.7
85.7
88.1
89.6
89.2
95.8
97.5
97.5
98.4
90.8
86.1
78.2
70.5
66.1
57
51.7
47.9
46.9
45.5
45.5
42.8
40.4
40.4
40.4
40.4
44.9
45.2
50.7
57
69.8
80
78.5
77.3
74.9
79.4
78.8
76.5
73.8
72.5
73.6
74.8
74.7
72.1
71.8
72.3
73.6
75.5
78.5
76.9
83
87.3
84.2
82.3
84.9
88.3
88.3
92
90.2
83.3
79.9
73.6
67
59.8
56.3
52.3
48.8
47
47
47
46.6
42.9
41.6
41.6
45.5
46.7
51
48.8
52.4
58.5
65.9
76.1
82
85.2
86.2
79
80.5
84.3
83.7
85.4
83.9
81.2
80.2
81.3
80.5
81.4
80.8
80.8
85
92.7
92.6
90.8
90.4
90.4
90.4
94
86.5
86.6
77.6
73.4
67.4
61.4
57.7
55.4
52.9
49.9
47.9
46.1
43
43
43
40.1
43.6
43.6
47.4
48.5
48.5
52.6
65.5
72.2
73.7
82.1
84
82.9
88.1
94.6
94
99.2
95.5
96
90.6
90.9
85.2
83.5
84
82.9
86.1
88.5
88.7
89.8
90.2
93.9
93.9
95.2
93.2
85
77.8
70.6
66.5
59.4
55
51.7
47.6
45.5
45.5
45.5
45.5
40.9
40.5
40.5
44.1
45.6
50
56.3
71.2
76.2
78.6
75.4
78.6
79.5
65.5
61.8
72.4
76.8
73.6
76.3
73.3
72.3
72
72.1
74.9
76.3
79
82.9
89.2
92.8
92.7
93.3
94.3
96.1
96.1
98.1
90.2
82.2
79.5
71.8
60.2
55
51
51
51
46
45.6
45.6
42.8
40.7
40.7
41.9
45.6
46.5
52.8
59.3
70.4
77.3
77.4
76.1
75.1
76.2
75.4
73.9
70.4
69.5
69.7
70.7
72.6
69.8
72
70
72.6
76.2
79.6
83.8
89.2
89.9
95.3
97.1
95.3
100.4
100.4
101.3
98.5
89.2
81.5
68.4
62.9
55.8
51.3
48.6
48.6
44.1
43.6
43.6
43.6
43.6
40.1
41.2
46.7
46.1
50
56.1
74.2
80.6
82.8
78.9
75
75.8
78.7
78.3
77.7
75.6
76.9
78.1
76.8
75.9
72.1
76
77
80.6
80
82.4
86.3
91.1
90.8
93.3
91.2
102
102
94.8
85.7
80.8
73
67.7
59.2
0
57.4
53.4
51.3
46.9
46.1
45.8
44.8
40.7
41.9
45.9
45.9
46.1
55.8
63.1
73.2
77.8
79.3
78.3
78.9
82.9
81.9
81.1
77.6
75.3
75.9
75.8
76.2
74.3
74.5
77.3
79
78.2
83
82.6
88.9
94.5
94.9
92.9
91.1
98.7
98.7
101.6
94.7
90.2
80.6
72.7
64.5
57.3
54.2
50.3
49.4
49.4
45.6
44
44
44
44
44
46.4
45.9
52.6
58.9
70.2
75.2
80.6
79.5
78.5
80.5
80.4
77.7
75.1
75.6
76.9
78.2
78.8
79.6
79.1
76.6
82
82.9
85.4
91.6
92.8
98.3
103.3
98.5
98.1
104
104
102.8
99.2
90.5
83.5
76.7
72.4
66.8
63.6
60.6
55.7
50.6
49.6
47.9
44.6
44.6
44.6
44.6
48.8
48.5
50
50.2
57.1
61.2
69.9
75.8
82.1
90.8
89.2
94.9
91.5
90.4
92.1
89.7
91
90.3
86.4
85.9
85.7
87.5
92.2
92.5
97.1
106.5
110.6
108.9
102
104.3
104.3
103.2
95.6
92.4
84
77.5
72.6
68.2
64.1
62.4
58
53.5
52.6
51.5
47.9
46.8
43.4
43.5
47.7
47.7
47.7
51.9
52.5
54.7
67
70.7
74
81.2
87.6
93
89.4
90.1
94.1
92.1
94
91.6
84
79.7
82.1
84.8
83.4
84.1
84.1
88.8
92.8
87.2
93.2
95.5
95.5
95.6
91.9
90
78.1
69.5
61.5
56.2
55.5
51
50.1
45
43.9
43.9
43.9
43.8
39.8
43.9
43.9
43.5
51.9
55.7
72
79.1
82.2
80.5
77.6
80
64.4
64.5
76.4
73.3
76.9
75.6
75
73.6
72.2
71.3
71.7
69.7
73.4
78
80.7
87
93.7
96.2
95
103.9
103.9
93.2
92.6
86
74.9
68.6
61.9
56.6
54.3
49.5
48.7
48.7
45.4
43.7
43.2
38.5
40.5
43.5
44.8
49.1
53.3
56.3
73.7
77.3
77.3
76
78.5
77.6
75.8
70.6
69.8
66.3
70.1
71
72.1
69
69.1
69.7
71.8
75.3
76.2
80.2
83.5
88.4
92
89.9
91.3
98.8
98.8
100.9
91.8
87.8
82.6
70.7
63.5
55.1
52.2
51.2
46
46
46
41
40.8
39.2
41
41
45.2
44.1
51.3
57.4
75.9
80.8
77.5
76.7
74.3
77.8
79.1
80.1
76.9
75.4
74.2
75.5
73.5
72.8
72.9
71.6
73.8
73.6
80.5
86.4
92.6
94.5
100.6
99
97.5
108.1
108.1
96.8
94.7
86.7
78.3
67
60.5
55.8
51.9
51.5
46.7
44.7
42.1
44.8
41
41
41
41
45.7
45.9
50.6
56
69.4
80.1
81.3
77.8
75.8
82
77.4
75.9
73
74.2
73.7
72.4
71.8
71.9
71.2
70.7
74.6
74.9
80.6
78.3
80.1
85.5
91.6
92.2
89.2
97.7
97.7
97.8
94.8
87.4
82.3
77.1
67.4
61.3
55.8
52.7
50.6
46.4
45.7
45.3
40.3
42.4
45.1
45.1
47
49.1
53.1
59.1
69.6
77.1
83.7
80
77.4
79.5
76.6
73.7
71.7
71
73.9
76.6
78.7
79.1
81.1
79.9
85.2
86.3
88.5
90.1
93.1
99
97
97.4
102.9
106.6
106.6
103.5
98.3
93.1
87.6
80.9
71.5
70
64
59.5
55.6
53.1
47.9
47.6
45.5
42.5
42.5
43.7
48.3
47.6
51.9
52.9
59.7
67.1
74.8
81.7
87.1
90.4
86.7
86.9
87.5
86.8
88.4
84.9
83
85.3
83.2
83.8
84.6
83.9
92.1
96.8
97.3
97.1
97.3
98.7
102.9
109.7
109.7
103.1
96.8
91.2
86.1
82.3
74.8
66.1
65
61.1
56.7
53.4
51.8
51.1
46.9
45.4
43.5
44.4
47.6
47.6
52.1
53
53
55.4
67.5
72.3
78.1
86.4
89.9
91
90.5
89
89.4
93.2
90.9
89.4
85.7
83
86
79.9
88.1
88.5
90.9
93.2
95.7
92.4
103.7
113.9
113.9
102.4
99
87.2
82
72.6
63.3
58.7
56.2
52.9
51.3
47.3
45.6
45.6
45.4
40.7
41.8
45.6
45.6
45.6
53.9
59
75.9
80.4
80.5
78.2
77.4
80.6
63.6
62.7
62.9
60.5
60.8
64
63.2
60.7
63.3
60.4
59.8
75.5
78.1
84.9
91.4
96.2
101
105.7
110.6
106.5
106.5
99.1
97
90.8
82.1
75.1
66.6
59.6
57.1
54.6
50.5
46.8
46.8
46.3
41.7
40.8
42.1
43.7
47.5
48.5
52.7
56.8
72.6
81.4
83.2
80
79.1
82.3
79.8
78.8
77.9
75
75.2
76.7
75.8
74.6
77.1
76.8
76.8
74
81.6
84
91
94.6
100.7
95.8
98.4
104.2
104.2
100.9
98.6
91.1
81.6
71.6
65
59.5
57
52.3
52.1
50.1
47.1
47.1
43.3
42.1
42.1
44.9
50
49.2
54.3
59.5
72
81.4
105.6
104.5
102
100.8
95.4
97.7
94.7
96.9
96.8
96.6
94.2
95.1
96
95
98.8
94.6
102.3
107.1
108.6
115.4
122.8
123.5
127.4
139.1
139.1
101.2
94.2
88.5
80.1
72.4
63.3
54.5
54.3
49.3
48
45.1
45.1
45.1
44.1
40.1
40.1
44.5
45.1
45.6
53.5
57.5
76.9
83.6
85.6
81.6
81
81.3
76.5
73.6
72
73.7
75.9
77.5
76.2
72.3
71.1
70.1
72.9
75.9
79.9
80.3
86.3
93.9
95.4
94.7
100.7
108.1
108.1
101.7
94.3
92.2
81.2
73.7
68
62
59.3
55.6
51.9
50.3
50.3
45.3
45.1
45.1
40.3
43.4
45
45.6
53.3
59.8
73.2
79.1
85.7
82.2
80
80.8
78
77.4
77.7
75.7
76.1
75.8
76.4
76.4
78.2
77.7
81
83.1
88.4
87.6
90.7
92
93.3
95.2
98.9
109.1
109.1
102.7
95.5
90.8
81
77.3
69.8
64.4
62.7
58.8
55
52.9
49.6
46.4
46.4
46.4
41.6
42.4
46.7
46.7
50.9
52.2
54.8
58.1
70.9
78.7
83.8
86.7
87.8
88.5
83.8
83.9
84.7
84
84.1
82.7
83.7
80.5
82.6
82.5
83.9
92
97.8
98.9
103.3
106.8
108.7
111.1
111.1
102.5
95.5
90.7
82.5
76.8
69.5
64.4
62.5
57.6
56.7
52.2
52.2
48.4
47
47
44.5
46.9
46.9
46.9
49
50.7
52.3
56.7
66.6
72.7
77.4
82.7
85.9
84.9
81.8
87.1
90.1
87.2
85.7
81
79.7
84.1
77.8
79.9
79.5
84
93
92.6
95.4
97.1
105.3
107
107
97.9
92.5
85.3
76.7
68.7
64
56.1
54.4
52.4
49.3
45.6
44.5
44.5
44
39.4
39.4
39.4
43.3
44.2
52.2
57.2
72.2
80.2
82.3
82.7
78.8
75.4
64.6
58
59.6
60.5
62.5
61.7
62.3
62
62.3
63.5
63.3
68.3
68.3
83.2
88.5
93.4
98.2
96
102
105.9
105.9
99.6
95.4
86.9
78.9
72.1
65
59.4
55.7
54.6
50.8
50.8
50.8
45.5
45.3
43.4
40.1
42.7
45.7
47.9
55.7
63.6
75.9
80.8
81.4
77.6
77
75
75.2
76.1
74
73.6
73.5
75.2
75.7
75.7
75.1
76.9
77.7
74.7
75.6
83.3
88.5
91
95.8
96
104.6
111.5
111.5
99.6
94.4
88.9
79.3
72.6
64.5
57.8
58.3
54.9
52.6
48.6
48.6
46.2
43.4
43.4
43.4
43.4
43.4
48.8
52.6
61.4
77
85
81.1
77.8
77.5
78.7
76.5
79.3
76.3
72.6
75
75.6
75.7
72.2
72.6
74.3
75.7
77.4
81.4
85.1
90.3
97.5
101.9
101.6
110.8
111.1
111.1
104.8
98.2
91.9
79.6
72.2
66.5
60.2
57.6
55.3
52.6
49.9
47.8
47.8
47.2
42.2
42.2
47.4
47.5
48.9
58.8
62.7
77.6
89.1
84.3
82.5
79.9
80.1
77.8
77.4
76
74.3
75.3
75.7
72.2
71.5
73.8
73.6
75.3
75
79.2
79.8
85.7
90.7
98.1
104.4
109.2
108.2
108.2
99.3
91.9
88.2
82.4
71.7
65.7
60.1
57.8
54.1
50
50
50
47.2
45
45
45
45
47.9
48.6
55
61.6
75.8
85.4
86.4
84.8
83.3
83.1
82.8
77.8
73.6
73.6
78
80.7
80.9
80.6
77.9
76.9
80.4
80.5
81.7
87.9
94.4
98
104
104.7
108.1
109.5
109.5
99.8
96.1
91.2
83.5
77
74.9
69.5
65.7
64.6
59.7
56.6
54.9
52.9
49.6
46.6
47.9
48.5
50.2
50.2
53
56.6
62.5
64.1
73.2
80.3
85.7
90.1
89.6
93.1
89.3
90.1
95
94.4
96.2
91.3
90.8
88.5
85.1
83.3
87.8
89.9
95.6
103.8
108.3
110.5
115.9
111.8
111.8
103.4
99
94.7
88.4
81.6
73.6
69.1
66.2
64.2
62.3
57.5
57.2
52.4
49
47.6
47.6
46.5
47.2
48.1
52.8
53.3
54.3
56.3
63.9
73.7
78
85.5
85.2
88.7
92.2
98.5
97.9
97.7
94.5
93.1
91.5
92.8
90.6
86.6
93.1
92.7
98.6
104.8
104.5
109.2
110.7
110.9
110.9
99.9
94.8
88.3
81.2
72.9
68.1
62.5
59.3
57.7
52.2
48
48
47.3
43
43
43
43
47.7
48.2
54
61
79.1
86.9
85.8
81.2
80.5
80.3
84.8
82.9
92.9
98.7
97.7
100.1
99.7
92.9
96.5
92
93.4
99.3
104
111.4
117.3
125.7
128.4
139.1
142.8
142.7
142.7
129.1
125.4
116.2
105.2
95.5
86.7
76.7
73.8
70.1
70.1
66.8
67.9
65.3
65.3
61.3
59.9
60.1
64.9
64.9
71.4
79.7
99.1
110.3
105.8
101.5
99.1
96.6
97.6
94.7
94.8
92.1
96.1
92.6
93.2
94.1
94.2
92.7
97.3
95.2
100.7
108.9
115.3
118.6
120.2
130.6
142.6
142.8
142.8
130.9
127.8
116.3
107.3
98.6
88.9
79.4
73.6
72.7
67
66.4
66.4
66.2
61.5
61
58.4
61.6
61.6
63.2
71.4
80.9
99.9
111.9
109.7
99.5
96.6
99.2
100.1
101.3
96.3
95.4
98.9
98.5
97.3
92.7
95.5
94
95.4
95.5
102.1
105
114.4
124.1
130.1
136.7
141.1
141.4
141.4
132.1
123.8
117.6
107.8
97.7
87.5
77.5
73.7
72.1
68.4
64.2
63
63
63
60.1
57.6
57.6
58.6
64
72
78.3
98.6
110.1
108.1
102.6
101.7
101.6
99.5
98.8
98.1
94.9
94.9
92
93.7
94.6
93
94.1
96.4
104.4
105.8
111.7
119.6
129.4
143.7
142.9
142.2
135.2
135.2
125.5
116.4
108.8
98.3
88.7
79.2
0
75.4
74.9
71.1
69.3
64.4
64.2
58.8
58.8
58.8
58.8
62.8
64.6
73.1
79.5
97.7
111.8
107.9
101.8
104.3
98.6
102.4
103.1
108
105
102.1
102
102.3
81.7
84.3
82.1
86
85.4
89.8
91.5
99.1
102
106.3
112.7
113
112.8
112.8
105
99.4
92.2
85.8
82.9
77.4
69.9
66
62.7
59.6
57.5
53.9
52.4
49.9
47.2
47.2
47.2
51.7
52.1
55
58
58.5
62.2
71.8
79.9
82
88.5
89.5
87.6
90.3
87.7
93.1
91
89.5
87.4
87.4
88.4
89.6
85.8
93
94.2
102.4
108.5
113.3
122
119.9
119.2
119.2
106.8
100
93.4
87
80.2
75.5
72.4
69.4
63.3
60
60
59.2
55
52.7
49.6
48.5
46.2
52
50.4
53.5
56.1
56.1
58.4
64.5
74.8
79.8
84.8
90.5
89.5
87.7
93.5
93.1
94.8
94.6
92.1
88.2
89
85
86
86.7
90.1
93.7
95.6
98.8
108.2
110.1
108.4
108.4
98.5
95.6
87
79.4
74.3
67
61.8
59.7
54.4
51.9
47.5
47.5
47.5
44.3
42.2
42.2
42.2
46.9
51.1
56.1
63.8
77.7
91.2
85.6
78.8
79.4
79.6
64.2
65.7
79
75.5
78.4
77.3
77.1
74.5
73.2
73.9
75
74.8
80.3
84.3
88.6
97.4
100.2
106.6
109
113.8
113.8
104.7
97.8
86.3
80.8
74.4
65.9
60.7
58.3
56
53.3
48.6
48.6
47.8
43.8
45.4
48.6
48.6
53
52
54.6
63.6
79
86.3
87.9
84.1
80.8
85
86.3
83.2
82.1
81.8
82
82.6
80.4
77.9
82.7
78.3
78.5
80.7
84.7
88.9
95.4
104.1
110.7
117.2
114.5
109.8
109.8
104.8
98
89.4
84.2
73.6
69.6
63.3
57.8
55.8
52.8
50.5
47.5
47.5
47.5
45.3
47.2
47.2
47.2
49
56.6
63
77.1
89.4
90.1
87.6
84.4
81.4
78.9
81.5
82.4
80.4
84.5
85
83.4
81.8
83.1
87
87.3
88.6
90.7
95.2
102.4
106.7
118
120
118.9
114.9
114.9
102.5
99
96.9
85.6
74.1
68.3
65.1
60.6
58.5
55.4
53.4
53.4
50.6
47.9
47.9
47.9
47.9
47.9
47.9
55
60.4
71.5
80.7
87.8
84.5
81.6
82.7
83.4
81.3
80.3
79.1
79.7
78.2
78.3
78.1
79.7
77.2
75.4
80.1
81
87.1
98.1
102.7
113.6
110.4
105.7
103.6
103.6
99.4
96.9
92.2
83.3
78.8
68.4
63.5
60.4
55.6
52.1
52.1
51.5
47
47
44.9
42.2
44
47.6
47.6
51.9
56.8
73.8
82.5
86.8
83.8
79.4
84.2
81.2
82
83.1
81.6
81.1
81.1
82.2
82.8
83.8
81.9
78.5
80.6
91.1
97
104.7
109.3
116.5
115.4
111.2
105.8
105.8
101.9
98.4
92.8
85.3
80.7
78.9
69.6
62.8
64.5
61.9
56.7
56.7
55
51.6
46.9
46.7
46.7
46.7
48.7
52.1
52.7
58.7
62.6
71.7
77.3
82.2
85.7
88.4
88.9
89.5
90.3
93.7
91.7
90.7
87.2
85.7
87
86.7
83.2
91.3
99.1
100.1
104.5
112.3
119.5
115.4
110.4
110.4
99.7
95.9
91.7
87.3
80.7
76.3
70.7
66.4
64.7
61.3
56.7
54
54
49.4
43.5
43.5
43.5
45.5
45.7
44.6
48.7
50.5
51
59
63.5
69.9
74.1
79.9
85.2
88.3
87.4
89
88.1
88.4
88.3
82.9
84.2
82.2
80.6
78.7
81
82.8
87.5
97.1
104.6
104.2
103.2
103.2
98.3
92.3
88.9
84.2
83.5
75.5
73.8
64.4
59.3
58.4
53.3
50
48.1
47
43.3
43.3
43.3
47.9
48.3
51.9
53.8
56.3
56.5
61.1
64.5
64.9
66
85.9
88.4
85
85.4
84.9
84.6
84.7
87.6
87.4
84.7
81.3
88
92.5
99.5
104
105.8
104.6
101.1
98.8
94.3
94.3
91.5
88.7
81.3
77.4
71.8
68.5
64.8
58.6
55.4
55.4
51
49.6
47.1
44.2
44.2
44.2
45.6
49.5
50.3
57.4
60
73.3
71.5
76.8
80.6
84.7
83.2
85
81.9
79.8
80.3
82.6
85.5
82.4
77.4
78.2
75.5
76.1
77.7
84.4
89.9
101.6
114.6
117.9
118
108.3
110.3
110.3
101.8
96.9
91.9
85.1
76.3
71.6
67.2
61.5
57.5
55.8
52.3
50.5
47.6
45.3
45.3
45.3
47.1
50.1
51.6
60.3
63.8
74.2
89.2
102.1
106.5
109.2
116.3
118.9
119.1
121.1
120.4
120.5
115.1
114.2
112.1
111.1
106
110.1
113.2
122.2
126
146
164.1
166.5
129.5
116
109.4
109.4
99.4
95.7
89.1
79.4
78
72.7
65.2
61.3
58.6
55.8
53.1
47.6
47.4
47.4
47.4
45.3
46.3
49.8
51.4
56.4
61.2
72.2
71.9
74.4
81.1
83.2
86.3
85.4
83.9
84
83
81.6
82.7
84
79.6
81.3
79
80.6
83
87.3
95
109.9
117.1
116
113.2
109.5
106.7
106.7
102.7
99.2
94.5
86.8
78.5
71.2
68.3
62.6
58.1
55
51.3
49.8
48
44.4
44.4
44.4
48.3
49.9
49.9
56.3
61.1
70.9
71.5
73.3
80.2
85.3
82.6
86.1
85.1
87.9
85.4
83.9
85.2
84.1
79.4
81.1
80.1
86.2
87
86.7
95.1
112.5
126.4
127.4
122.2
115.6
113.5
113.5
111.3
104.2
102.8
92.6
89.1
83.1
80.2
72.9
69.3
65.5
61.2
56.4
53.2
53.2
48
48
48.4
53
53
58.1
54.7
60.3
63.7
72.1
77.6
85.9
88.9
89.7
92
91.3
87.6
88.9
88.9
88.4
91.5
94.3
92
87.7
85.2
90.9
101.8
116
117.4
124.9
122.1
118.1
114
114
106.2
101.3
98.2
92.2
86.3
86.1
78.6
72.7
68.4
64.8
60.5
57.1
53.3
53.3
51.9
51.7
53.3
52.9
53.6
57
54.4
56.2
60
65.7
73.7
80.4
90.3
91.8
89.2
93.7
96.4
94.4
91.6
92.3
92.9
92.2
93.7
91.2
89.4
94
100.6
113.4
115.9
119.1
115.6
108.1
106.4
106.4
98
91.9
89.6
82.3
76.8
73.6
67.2
61.6
57.3
57.3
52.5
48.2
47.6
47.6
47.6
47.6
47.6
50.3
47.9
60.8
65.2
81.2
88.5
85.3
85.1
88
86.5
88.1
85.2
82.9
82.6
84.7
84
84.6
85.9
85
85.9
83
86.7
95.3
104
117.5
124.7
124.4
120.1
116.5
110.6
110.6
107.4
101.1
93
86.8
77.5
74.4
70
62.1
60.1
55.9
55.2
50.3
49.9
49.9
49.9
49.9
49.9
52.5
55.9
61
68.7
79.9
84.9
87.2
84.9
86.7
91.7
92.6
91.4
88.5
89.2
88.3
89.7
91.7
89.6
92.8
98.8
100.8
99.8
103.7
110.1
118.2
131.6
129.2
125.3
121.1
121.4
121.4
111.6
108
99.7
92.7
81.9
79.4
71.4
67.8
62.5
57.9
56.3
52.9
49.5
48
48
48
48.9
53.3
53.3
60.2
67.3
82.6
85
84.5
83.3
85.5
87.3
86.2
88.4
84.8
85.6
87.2
82.9
86.6
83.7
82.8
84.2
87.1
88.2
104.7
117.5
123.7
124.2
121.8
116.9
115.5
109
109
104.6
95.1
89.2
80.8
75.6
69.8
0
63
60
57.3
55.2
51.6
50.2
49.5
46.1
48.9
50.4
50.4
51.9
60.4
65.7
80.2
86.7
84.2
80.9
83.2
84.4
79.5
80.7
81.3
78.9
78.8
78.3
79.2
78.9
79.7
76.3
77.7
79.9
85.9
97.4
107.8
118.9
126.2
121.9
117.4
113.5
113.5
106.7
103.6
99.1
90.5
80.1
75.9
71.8
65.3
60.2
59.4
55
52.2
48.7
48.7
48.7
48.7
48.7
51.4
53.5
58.4
66.2
81.4
86.7
85.1
83.8
84.3
84.8
83
82.7
81.8
80.9
86.8
86
90.5
85.4
87.6
85.5
85.6
88.1
96.5
103.9
113.9
119.4
116.9
114.8
115.7
106
106
102.1
98.8
91.8
87.2
81.2
79.1
75.2
70.6
63.4
60.4
55.7
53.6
50.8
50.8
46.2
45.7
46.5
50.5
50.5
54.6
55.6
63.9
67.2
68.8
74
79.2
82.7
88.8
94.4
86.3
89.3
90.3
91.8
89.6
83.7
85.1
89.5
90.1
96.2
99
102.1
115.8
122.2
120.5
116.5
111.9
107.7
107.7
100.4
98.5
95.7
89.2
82.6
77.9
76.2
71.9
66.8
62.3
58
54.7
51.3
51.3
48.5
47.5
48.3
50.9
51.6
52.5
52.9
57.4
62
63.8
71.5
77
86.4
88.4
86.2
89.2
91.2
89.1
92
95
95.1
91.8
86.8
85.6
87.6
87
100.3
115.1
122.6
118.9
116.3
110.2
107.4
107.4
98.7
94.6
89.7
83.9
76.2
72.1
65.9
60.8
56
53.1
51.2
48
48
48
45
44.9
45.3
47.8
49.6
53.9
62
78.5
87.2
84.9
77.4
77.4
78.8
78.3
82.4
82.4
82
79.2
82.5
83.9
80.6
79.9
77.8
80.3
80.3
87.7
97.5
111.4
112.6
115.3
114.8
110.5
111.4
111.4
102.4
95.7
91.4
85.1
74.9
70.6
67.7
63.1
57.8
56.3
53.9
51.3
48.9
46.5
46.5
46.5
46.5
46.8
49.5
55.2
61.8
77.1
84.9
81.4
78.7
80.2
83.3
81.5
79.8
81.8
78.5
80.3
78.9
83.2
79.1
78.4
75.3
75.6
77.8
87
99.5
111
115.5
118.9
116.6
112.2
112.8
112.8
104.5
99.1
91.9
86.3
76.4
74.3
68.1
63.4
58.1
55
50.2
50.2
49.1
45.3
47.8
45.7
46.9
47.6
51.2
59.1
64.3
82
82.1
81.2
77.7
80.4
82.6
85
84.7
79.8
80.1
82.2
81.5
81.7
81.9
81.8
81
85.4
89.6
96.8
98.9
114.9
120.6
122.5
117.6
113.3
112.2
112.2
105.3
102.2
94.1
87.1
76.6
72.1
67.8
62.6
58.8
55
54.2
50.1
50.1
50.1
50.1
50.1
50.1
50.1
52.3
60.6
69.1
82.7
90.7
85.6
82.9
88.8
89
87.5
87.4
85.4
83.2
83.8
84.5
88.5
86.1
88.7
92.9
93.6
92
100.7
109.3
119.6
123
121.9
121.3
118.3
114.3
114.3
110.9
106.9
97.6
90
85.2
81
72.9
69.9
64.5
61.2
58.6
56.3
56.3
52.8
51.7
51.2
51.2
51.3
56.4
64.2
72.2
82
91.3
90.9
92.2
92.2
92.7
93
93
92.4
91.8
94.6
91.9
95.5
96.3
96.7
90.8
89.7
94.9
96.2
107.9
125.3
132.4
127.6
128.3
120.8
113.8
113.8
108.4
105.3
99
94.3
89
85.5
82
76.1
70.3
64.8
63.6
58.7
58.7
57.1
53.9
53.9
53.9
58.8
58.9
61.8
64.6
69.4
71.3
77.6
82.5
88
93.4
95.4
99.2
101.1
98.8
100.7
101.6
97.9
97.1
100
99.9
101.4
105.2
110.8
122.3
134.8
131
129.2
132.1
123.1
121
121
111.8
109.6
105.9
99.4
93.9
92.7
89.3
84
80.3
76.2
70.2
68.3
63.6
63.6
57.5
57
57
57.5
56.5
61.2
62.4
66.7
70.8
72.5
78.3
88.9
93.3
102.1
100.9
105.6
108.3
106.9
103.1
106.3
108.5
107.7
108.7
101.9
103
108.2
115.8
131.4
130.1
127.6
126.6
121.2
119.3
119.3
113.3
110.4
101.8
95.2
88.2
85
80.1
72.2
68.9
66.8
63.7
61.8
58.3
56.3
56.3
56.3
55.2
56.4
57.5
62.7
72.9
90.7
94.9
97.1
93.1
95.8
94.6
92.7
93.2
93.4
91.9
91.2
93
94
92.1
88.5
90.8
93.9
94.4
100.7
113.1
129
135.7
137.3
135.8
129.6
123.6
123.6
111
109.8
104.1
96
87.2
83.5
75.3
70.5
67
64.7
60.6
58.5
54.8
54.8
54.8
54.8
54.8
54.8
58.7
66.5
74.8
89.6
93.4
91.8
91.7
90.5
92.9
91.9
92.1
85.8
90.3
89
87.7
86.2
87.4
90.9
89
85.8
90.9
107.1
124.4
130
130.9
133.6
126.5
121.5
120.8
120.8
112.8
104.9
96.5
87.4
81.9
76.3
0
72.9
66.6
66.4
61.8
60.4
56.5
55.3
55.3
55.3
55.3
55.3
58.9
65.1
73.9
89.2
95.2
92.7
91.5
87.9
92.8
94.3
93.6
94.7
88.9
89.6
90
90.2
90.3
88.5
90.1
91.5
92.6
101
108
121.9
132.2
132
134.5
131.9
125.1
125.1
119.7
109
105
100.1
92.7
86.7
80.5
73.6
69.3
67.2
64.5
59.9
59
56.3
54
55.7
57.1
53.9
59
66.8
76.8
93.8
98.9
92.2
92.4
95.1
96.2
101.5
98.2
95
92
92.2
90
89
86.7
88.9
88
87.5
89.1
97.7
107.3
122.4
128.6
131.2
130.4
129
123.1
123.1
117.6
110.5
105.3
99.8
94.3
87.9
82.4
75
70.4
66.9
64.7
62
59.6
58.9
54.6
55.8
59.6
59.6
60.6
70.2
76.7
92.3
101.3
101.3
96.7
96.5
100.9
96.2
97.8
95.2
93.7
96.3
95.3
96
93.5
89.9
91.8
99.2
106.3
117.1
130.3
135.6
140.4
132.7
130
125
124.8
124.8
114.4
112.4
111.7
102.5
94.9
93.6
0
86.8
80.6
75.9
68.2
68
68
67.8
62.4
60.6
62.5
62.7
57.7
63.6
71.8
77.8
78.4
81
87.5
98.1
104.4
108.2
109.8
105.9
108.8
102.4
103.2
104.9
107.1
104.4
102.2
101
107.4
115.3
127.1
136.5
130
131.2
134.4
124.5
120.1
120.1
115.1
109.6
108.4
106.6
95.5
91.6
90
82.4
80.6
63.8
59.2
59.2
59.2
59.2
58.3
58
60.9
64.7
65.1
67.2
75.4
82.5
90.1
96.6
101.5
104.3
104.2
104.2
100.4
102.5
103.2
102
104.4
98.3
98.1
103
108.8
112.3
125
127.7
132.6
128.5
123.6
120.5
118.7
111
106.4
106.4
94.4
85.2
83.4
76.4
0
0
0
69.9
64.8
62
59.5
56.5
56.7
57.4
54.6
54.6
54.6
60
61.5
66.6
73.2
90.5
93.4
96.6
90
89.8
94.7
93.3
93.8
97
88.7
92.5
91.1
91.7
91.3
92.9
91.1
92.4
95.6
106.5
117.8
124.1
125.7
125.3
125.6
123.1
120
120
113.3
105.6
102.2
94.2
86.6
84.6
75.7
70.9
66.9
61.3
57.3
55.6
55.6
55.6
55.6
55.6
55.6
55.6
60.7
65.3
73.2
90
94.5
95.4
88.9
86.9
87.7
87.7
91
87
87.2
88.8
90.1
94.3
89.4
88.9
89.5
89.8
90.7
100.6
111.8
122.6
130.1
132.7
132.4
127.8
119.1
119.1
112.5
107.7
103.8
96.7
90.8
83.1
77.4
68
63.9
62.1
57.8
57.1
57.1
57.1
55.7
55.6
52.7
57.6
58.3
66.1
74.5
92.4
94.5
94.3
90.3
89.8
92
92.4
91.8
91.4
88.4
91.3
92.7
91.7
84.2
85.7
86.7
98.9
111.1
125.2
132.3
136.9
132.2
129.4
123.5
119.1
120
120
107.1
100.7
93
88.8
83.6
0
0
76.8
72.3
67.1
64.5
64.5
59
59
59
59
59
59
64.6
73.2
80.1
95.4
104.8
98.9
93.4
95.3
101.8
103.9
102.8
98.6
94.6
94.8
92.7
96.8
95
97.2
93.6
93.9
98.9
103.3
115.7
130.4
133.1
133.6
130.9
126.9
122.2
122.2
119.6
114.8
108.8
102.4
91.5
88.1
82.9
77.2
69.2
65.2
63
63
63
59.8
57.6
59.7
60.3
57.9
62.7
71.7
79.8
94.6
102.2
100.6
93.1
95.9
98.9
98.6
95.3
95.8
94.2
93.1
95.6
93.3
90.5
92.6
90.8
98.3
104
119.6
133.6
138.6
138.5
137.9
131.4
130.5
124.4
124.4
119.8
112.6
101.2
94.9
93.3
90.3
0
85.3
79.4
71.5
67.3
65
62
60.6
56.6
56.6
56.6
60.5
61.4
63
66.5
73.9
76.1
79.5
85.1
90
97
100.2
100.4
99.8
96.9
103.6
101
101.2
99.4
99.1
101.2
107.5
106.6
115.9
132.3
135.3
141.5
139.9
137
129.5
127.1
127.1
122.3
113.5
107.7
97.6
95.9
95.4
91.4
83.4
77.6
68.7
65.1
62.8
63.1
62.7
59.8
59.8
59.8
59.8
60
64.7
64.7
64.7
67.9
73.3
79.5
89.1
95.7
100.9
103.4
104.6
107.4
107
106.2
106.9
103.2
98.2
94.6
97.1
101.4
108
116.8
127.7
130
132.3
129.1
123.1
119.4
119.4
112
107.5
101.8
94.1
89.7
84.8
80.1
73.6
67.8
62.7
58.2
57.7
57.7
56.1
54.8
53.3
54.3
57.6
59.6
64.9
72.8
87.9
97.2
95.8
89.5
90.4
92.2
93.2
95.4
91.9
91.3
90.9
92.2
95.6
89.3
90.6
91.2
93.9
99.3
104.5
119.3
129.3
130.9
133.1
128.5
126.8
122.6
122.6
110.6
105.4
98.5
92.3
86.3
82
76.7
70.1
65.5
60
57.6
53.6
53.6
53.6
53.6
53.6
53.6
57.1
56.5
65.5
72.3
87
88.2
91.5
88.5
92
93.6
95
94.3
93.1
91.6
94.2
93.7
98.3
95
93.2
91.6
94.5
91.5
102.8
119.5
126
126.8
125.6
121.3
118.9
115.7
115.7
106.4
100.7
92.1
85.3
80.1
74.9
0
70.7
64
59.4
59.1
54.5
54.2
48.9
52.6
50.9
53.4
54.5
54.3
62
68.2
81.2
87.7
91.1
83.4
81.5
87.7
88.1
88.2
86.3
84.8
85.5
87.5
84.7
83.7
85.7
85.4
86.6
90.5
100.3
107.6
117.7
122.4
123.1
119.9
118.4
115.9
115.9
106.2
102.9
97.9
88.1
82.9
79.4
72.4
68
61.8
59.6
54.7
54.5
52.7
49.7
49.7
52.7
54.5
54.5
56
63.3
65.6
80.4
90.5
91.6
84
83.4
88
87.4
85.7
83.7
81.2
84.2
82.6
84.6
86.2
87.2
85.2
86.5
90.2
98
105.7
116.6
124.8
123.2
121.4
118.5
114.1
114.1
107.4
103.7
99.1
91.9
84.1
81.7
76.4
69
63.7
58.6
54.4
54.4
51.2
49.6
49.6
49.6
50.8
50
53.7
60.5
68.6
80.2
85.6
91
83.6
84.3
85.8
89
89.5
83.7
82.7
85.7
82.2
83.8
81.9
79.6
81.1
82.9
87.2
97.3
110.8
119.9
130
131.6
129.5
123.9
116.4
116.4
111.9
112.4
108.6
100.4
91.9
90.9
86
80
73.1
69.8
64.9
60.1
59.7
57.6
54.8
54.8
54.8
58.3
59.6
59.6
59.6
65.2
68
74
78.8
86.5
88.2
93.5
95
94.8
94.7
96.3
99.3
96.5
90.9
91.9
90
90.8
90.1
96.5
111
129.4
129.2
125.7
128
124.4
120
120
111.4
108.4
106.3
97.3
90.5
88.6
85.6
80.7
75.7
67.9
62.5
59.4
59.4
58.4
54.1
58.1
54.5
55.5
59.5
59.5
59.5
62.4
63.6
69.8
71.5
80.8
87.4
94.7
94.1
95.5
95.9
95
95.9
96
92.2
91.9
89.9
93.2
96.3
102.5
114.2
122.9
124.3
122.8
123.7
119.5
117.3
117.3
112.8
107.5
103.7
93.3
84.6
78.7
73
68.1
64.5
59.1
58.5
54.5
52.5
52.5
52.5
52.5
52.5
52.5
52.5
62.6
68.4
80.6
85.7
90.6
85
87.7
89.4
92.7
89.5
84.8
85.3
85.8
87.1
89.2
87.6
87.9
90.1
90.5
89.3
99
110.3
119.3
126.7
125.8
127.7
121.9
114.6
114.6
107.7
104.2
98.9
92.2
83.3
79
74.3
67.6
61.9
59.1
56.4
53.8
49.9
49
49
49
49
49
51.4
61.1
69.4
81.5
87.9
89
82.5
82.4
81.6
83.4
84.6
81.7
83.3
82.3
84.8
87.3
82.2
83
83.1
83.2
86.3
98.6
111.4
122.6
122.1
121.1
119.3
116.3
111.9
111.9
104.5
104.2
101.2
90.6
82.9
79.5
72.4
64.4
60.6
57.2
56.4
52.1
52.1
50.6
47.1
51
52.1
52.1
52.1
60.6
68.2
79.8
87.1
91.5
84.9
86.1
90.6
91.3
90.3
83.1
82.6
85.8
87.4
85.1
82.1
78.8
79.8
80.6
84.4
95.7
108.5
120
125
125
127.4
122.8
119.5
119.5
118.1
115.2
106.2
98.1
86.3
82.8
76
70.1
64.1
61
56.6
54.9
54.9
54.9
54.9
53.5
50.1
53.4
55.1
62.6
71.7
86.4
88.3
93.3
83.2
86
92.3
93.5
95.9
92.2
90.1
93.2
91.4
90.8
93.2
92.1
94.5
93.7
96.1
109.9
120.7
127.4
127.9
129.4
129.9
121.9
118.5
118.5
114.4
111.7
107.3
100.8
94.6
85.6
79.1
70.8
65.2
60.1
56
53.1
53.1
53.1
53.1
53.1
53.1
53.1
54.1
64.8
71.5
82.2
88.2
92.3
87.8
90.5
94.8
88.7
87
84.5
83.3
83.7
85
88.4
89.5
86.1
84.7
87.2
96.7
104.8
117
131.9
133.2
133.6
129.2
128.2
123.8
123.8
118
118.9
110.6
104.1
96.1
96.5
94.4
84.3
79.3
75.1
70.5
67.4
64.6
60
59.1
59.1
59.1
63.3
61.1
64.1
66.8
72
73.3
82
86.3
92.8
99.2
101.2
99.9
98.8
97
96
93.1
93.4
97
98.3
99
100.1
102.2
114.6
124.1
130.1
137
139.7
143
137.2
132.7
132.7
124
116.6
113.1
104.7
97.8
95.4
90.3
83.8
79
69.4
67.3
66
62.5
62.5
58.9
61.3
59.8
59.4
61.4
61.4
61.6
66.2
67.6
73.8
78
84
91
96.8
96
104.7
99.5
101
99.4
99.8
94.4
93
93.4
93.1
97.6
100.3
114.2
124.1
125.1
125.6
122.4
117
118.2
118.2
115.5
111.5
101.5
93.5
87.7
83.1
77.7
73.7
67.7
61
60.2
57.2
55.1
55.1
55.1
55.1
55.1
55.1
59.7
65.8
69.9
86.6
91.4
93.5
88.4
89.7
87.8
88.4
88.4
87
86.9
88.7
89.5
90.7
85.7
84.7
86
87.4
87.9
99.9
115.9
129.8
133.3
132.9
129.8
124.4
119.7
119.7
115
113.9
107.7
99.8
91.1
85.9
80.4
74.1
71
68.6
62.6
58.8
58.8
54.3
53.8
53.8
53.8
55
59.7
66.8
74
88.2
93.6
98.6
93.7
93.5
98.1
98.2
99.3
99.5
98.1
101.2
104
103.3
98.4
97
97.9
104.2
104.6
112.3
122.1
131.2
135.6
139.7
133.5
129.5
128.8
128.8
123.2
114.4
111
99.8
91
85.3
79.1
71.9
69
64
63.3
58.2
58.2
58.2
58.2
58.2
58.2
58.2
62.1
68.2
73
88
94
96.9
90.5
89.6
91.9
90.2
90.4
89.8
87.5
88.4
90.3
91.9
88.8
86.6
87.3
91.7
94.8
104.4
120.4
133.7
137.1
140.3
143.9
137.5
140.9
140.9
127.6
124.4
120
110.4
102.1
94
85.9
77.8
72.5
65
62.3
59.5
57
57
57
57
56.4
57.1
60.9
66.4
74.9
83.9
90.5
94.3
90.9
91.5
94.7
97
97.7
94.9
92.3
92.1
91.6
92.7
92.5
93.4
98
101.6
102
115.3
124.9
132.5
137.2
141.9
141.3
132.3
129.5
129.5
121.7
123.7
116.6
103.9
100.2
96.8
87.3
79.8
74.3
68.5
62.2
60.2
60.2
57.3
55
55
58
59.9
59.9
63.3
69.1
73.8
79.6
86.8
94.1
94.8
97.7
99.5
99.2
98.4
99.6
102.6
100.3
98.4
97.9
97.4
98.1
99.2
98.4
111.6
120
126.7
133.3
134.6
134.8
130.3
126.1
126.1
122.8
114.8
111.7
103.3
97.4
96
91.1
80.4
76.8
70
65
60.8
59.9
57.7
58.1
59.4
59.4
59.4
59.3
63.8
64
69.9
74.3
78.5
88.3
95
105.8
111.6
111.2
113.1
113.5
116.9
119.7
116.4
116.7
119.1
115.7
114.1
124
130.9
142.7
145.2
138.6
129.8
131.7
125.9
118.6
118.6
107.2
106.5
106.7
100.2
98.6
95.4
92
86.9
76.4
71.5
64
60.7
57.8
55.6
55.6
55.6
55.6
55.6
57.8
55.6
60.4
62
70.9
78.4
87.7
102.7
112
118.2
120.9
128
126.8
137.1
139.5
140.2
137.3
125.9
118.3
108.6
106.5
104.2
105.1
105.7
102.2
103.8
102.8
96.9
96.7
96.7
94.5
92.4
93.9
90.2
89.2
88.1
82.1
80.8
74.4
69.7
63.9
60.4
58.7
58.7
58.7
58.2
53.8
57.8
57.3
59
59
59
61.4
63.8
66.6
74
81.6
95.9
93.8
93.6
99
101.9
102.9
105.9
102
98.5
96.6
97.9
102.6
107.8
117.6
121.9
120.4
116.7
115.2
111.9
106
106
103.6
101.8
97.1
92.3
87.4
85.5
81.3
75.9
72.9
69.8
68.7
64.3
60.1
59.4
58.9
57.2
55.4
57.2
59
60
60
63.3
64.7
69.4
70.6
78.2
85.1
91
93.5
100.6
96.4
98.4
101.1
96.4
94.3
93.6
91.7
93.3
96
104.9
118.3
128.8
128
127.5
127.7
120.9
118.8
118.8
104.2
105.1
101.3
95.1
88.7
87.4
83.5
74.9
70.1
63.2
60.5
59.1
55.7
55.7
55.7
55.7
55.7
55.7
57.1
61.3
61.4
62.9
64.6
75.2
75.8
79.8
87
98.4
97.7
99.4
99.4
106.2
105.3
100.6
96.7
98.2
96.5
91.4
97.5
105.3
118.8
134.1
138.7
135.2
132.8
131.7
125.6
125.6
108.8
106.7
107.8
101.5
95.5
94
84.7
79.4
75.2
69.1
65.3
63.7
61.6
58.4
56.8
57.7
58
54.5
54.9
62
63.2
60.4
65.8
74.7
78.2
85.8
89.8
93.5
95.6
96.8
98.6
101.6
97.4
95.8
96.4
97.2
95.9
98.2
96.7
101
114.9
133.1
132.5
136.2
134.9
131.4
129.7
129.7
112.2
110.2
109.1
102.6
94
93.9
84.1
80.5
73.3
65.1
64.2
59.6
58.4
58.4
56.7
53.3
56.7
58.1
58.1
60.1
58.4
61.3
64.3
74.4
80.3
86.1
91.4
93.9
97.4
97.2
100.2
102.3
108.1
107.7
108.9
102.3
103.4
103.1
106.4
111.7
121.4
131.4
135.9
135.7
135.8
126.1
121.4
121.4
112.5
109.6
104.7
96
92.9
90.8
85.4
79.8
75.8
69.3
63.8
59.2
56.4
56.4
56.4
56.4
56.4
56.4
56.4
61.2
57.5
59.3
62.3
68.4
72.9
77.6
92.5
97
99
101.3
104.6
107.8
107.6
106.3
112.2
106
111.5
107.2
112.5
117
128.1
136.3
138.1
136.1
132.5
127.2
122.5
122.5
112.9
107.3
103.3
98.6
94.4
94
91.9
85.4
79
74.6
72.2
65
64.4
61.4
59
59
53.8
54.2
58.6
59.3
59.3
64
64.4
64.9
67.8
70.8
82
88.4
91.7
97.8
103.8
110
112.3
106.7
108.4
106.1
98.7
101.8
99.4
100.7
107.5
116.4
118.1
121
120.5
115.7
113.6
113.6
104.7
102.6
98.3
91.6
88.7
84
0
78.2
73.7
69.3
66.2
63.4
61.6
58.3
56.4
56.4
56.4
56.4
57.5
63.4
61.6
66
69.1
73.4
74.1
80.1
86.7
91.6
95.6
99.8
96.9
100.5
102.3
103.6
97
94.7
95.9
92
93.9
105.2
119.8
136.2
138.8
135.8
135.5
128
125.4
125.4
117.6
115.4
109.4
101.5
95.7
90.7
84.1
74.9
71.1
67.6
65.9
62
62
61.8
56.2
56.2
56.2
58.4
59.8
68.1
72
82.9
82.5
84.6
83.4
90.5
99.2
100.8
102.5
102.3
102.9
108.4
108.2
110.9
105.8
103.6
104.8
105.3
106.6
114.1
128.6
135.1
144.4
143.7
142.6
134.6
129.2
129.2
119
114.8
108.5
100.9
96.1
89.6
83.5
76.3
68.8
65
63
61.7
59.1
59.3
56.5
56.5
52.6
56.8
57.4
63.1
67.5
78.2
78.8
81.2
84.7
90.8
99.5
103.6
101.7
102
99.3
102.5
100.5
100.6
97.9
98.4
94.3
95.3
100.3
108.7
121.7
134.7
138.1
135.5
136.3
130.2
126.4
126.4
115.7
112.3
112.5
136.6
125.6
120.3
111.9
104.1
96.9
91.7
85.7
83.4
83.4
81.3
78.7
80.5
78.4
78.4
80.5
85.6
68.8
79.3
81.2
82.5
84
85.3
92
94.5
95.9
97.2
93.8
93.5
91.3
91.6
89.6
90.4
90
91.9
93.7
106.2
117
127.7
136.4
134.2
133.9
127.4
123.5
123.5
115.9
112.2
106.8
100.1
92.2
85.3
83.7
76.4
72.4
65.6
61
58.7
57.8
53.8
53.8
53.8
54
57.2
56.3
61.9
63.9
77
81.1
85.6
83.7
85.4
90.8
96.8
93.5
93.2
94.8
95
97.4
98.5
96.8
98.8
97.8
92.9
97.7
106.3
115.3
127.8
130.8
132
124.9
124.5
121.2
121.2
113.1
106.6
101.8
94.8
89.6
87.4
81.1
76
74.4
70.8
64.5
59.8
58.3
55
55
55
55
55.6
55.3
59.3
60.2
64.2
67.5
71.4
76.3
80.7
84.9
88.8
93.4
93.1
95.4
96.3
99.9
102.9
100.2
98.6
96.6
91.7
94.5
102.3
117.9
129.1
132.4
138.4
129.6
125.8
119.3
119.3
113.5
109.7
104.7
96.8
88.2
86.8
82.5
77.5
73.8
66.9
62.6
57.6
56.1
56
51.3
52.5
57
54.4
56.7
58.1
58.1
58.6
60.1
61.4
66.9
74.6
81.5
89.9
95.9
104.7
105
109.1
104.3
102.7
102.9
97
96.7
94.8
97.9
106.1
111.6
114.9
115.7
118.4
115.1
111.9
107.6
107.6
101
98.9
90.8
83.9
76.2
74.8
68.4
65.8
60
56.6
56.6
50.9
50.9
50.9
50.9
50.9
50.9
51.8
51.6
62.3
68.7
82
85.4
88.7
78.5
80.2
81.6
82
80.2
81.5
81.5
83.2
85.7
85
82.7
81.9
84.3
83
88.4
99.7
106.8
117.3
122.1
122.5
118.3
114.1
112.4
112.4
106.7
100.4
96.8
90.2
81.2
77.3
72.4
66
64.8
60.5
55.2
55
57.7
55
54.1
52.3
48.7
52.9
54
61.6
66.1
79.7
87.9
84.2
81.7
80.3
83.2
81.8
84.2
80.9
83
82.1
84.8
84.5
81.3
83.2
79.3
80.7
81.4
90.1
102.6
116.3
123.6
122.5
120.3
115.4
112.2
112.2
103
98.6
95.9
87.3
78.6
74.7
70.8
64
58.2
52.6
52.6
52.6
52.6
52.6
48.3
47.4
47.4
52
51.1
58.6
65.9
81.1
87.7
85.2
81
80.3
78
79.6
78.7
78.5
76.9
82.4
83.7
83.2
79.7
83.1
80.7
81.7
86.5
93.1
101
114.6
121.9
122.8
120.3
121
116.2
116.2
108
104.3
99.3
89.9
83.4
77.3
70.3
65.8
62.3
59
54.6
53.9
53.9
53.9
53.9
53
52.5
50.8
54.4
60.4
68.3
81.2
86.7
90.1
83.8
84.1
86.5
88
87.4
87.8
86.7
87.2
89.1
88
86.5
84
89.3
88
88.3
97.5
105.8
120.2
124.1
125.7
127.9
116.6
115.2
115.2
110.6
106.5
103
93.8
86.6
81.3
72.9
68.4
64.6
60.6
57.3
57.3
54.8
52.5
52.5
52.5
52.5
52.5
53.2
60.7
68.1
85
92.1
92.8
85.7
82.9
84.9
85.1
83.3
82.8
82.2
83.5
85
84.5
81.6
82.1
83.1
86
92.8
97.1
113
116.6
118.3
117.5
112.6
109.9
114.1
114.1
99
94.3
90.1
85.8
84.2
80.8
0
75.8
69.6
64.6
60.3
58.6
57.8
57.1
55
52.3
54.4
54.3
55.1
58.2
60.8
63.1
66.4
69.7
75.1
79.1
83.9
92.2
95.5
95.1
92.7
96.9
93.6
93.4
90.1
92.7
90.1
92.9
94.3
99.2
109.7
117.7
124.7
123.3
121.8
115.4
113.1
113.1
103.9
101.9
96.7
91.2
86.7
84.9
79.7
76.3
70.7
67.5
61.7
57.8
56.3
56.3
56.3
56.3
52.3
56.1
54.8
55.4
58.1
58.1
58.1
58.9
64
72.7
79.1
81.3
86.8
92.2
97
99.9
102.3
97.7
95.4
95.9
93.6
93.2
92.1
92.6
100.9
112.7
114.9
120.8
114.2
106.6
105.8
105.8
98.8
94.1
89.5
83.7
79.8
77.2
70
66.5
64.5
59.4
56
52.1
54.1
52.1
55.1
55.1
55.1
55.1
55.1
59.9
67
81.4
86.5
90.4
81.3
79.5
78
83.1
83
78.3
81
82.9
83.2
83.3
84
79.1
79.8
82
91.8
96.2
108.3
121.8
124.6
119.9
115.1
108.8
100.8
100.8
97.1
93.2
87.9
76.1
71.8
69.5
0
66.6
63.3
59.7
54.8
54.8
50.3
53.9
49.7
49.7
49.8
54.7
54.7
58.3
64.6
76.3
80.9
85.2
80.7
80.8
76.2
79
73.7
73.8
69.5
71.1
75.8
82.3
78.1
77.6
78
80.1
81.7
91.2
99.5
112
122.9
124.3
119.7
113.6
108.3
108.3
104.6
100.8
92.7
85.3
78.3
75.6
69.1
65
60.5
57.1
55
52.3
52.3
52.3
52.3
52.3
52.3
52.3
52.5
59.2
65
78.3
85.5
83.8
79.4
82.5
80.6
78.4
79.9
81.4
82.3
82.3
81.9
82.9
81.9
83.6
81.3
82.2
84.1
93.4
102.9
112.8
121.1
124.9
122.6
120.5
118.6
118.6
106
102.6
94.5
86.7
80.2
74.3
69.6
61.4
61.1
56.6
55.8
51.1
51.1
51.1
51.1
51.1
51.1
51.1
51.1
57.1
64.6
80.2
87.1
86.7
81.7
80.2
81.6
83.5
81.4
81.1
80.7
80.2
82.4
79.4
75.9
76.2
73.9
73.8
77
84.6
91.4
103.3
116.5
122.9
115.9
112.8
108.8
108.8
99.8
97.8
94.1
87.8
80.9
75.4
69.1
63.9
61.9
56.7
56.7
52.1
51.8
51.8
51.8
51.8
51.8
51.8
52.1
60.1
65.8
80.2
88.8
87.1
82.2
81.1
82.6
82.1
83.3
77.4
78.4
80
79
80.8
79.5
75.8
77.6
78.3
78.4
80.2
90.4
100.7
118
122.6
122.7
114.1
110.1
110.1
102.3
99.4
92.4
87.7
84.2
83.3
79.7
73.2
67.2
64.5
61.3
57.2
56.4
56.4
54
51.8
51.8
51.8
52.2
56.7
56.7
62.4
66.4
70.3
77.4
86.6
90.2
90.8
92.3
95.7
97.4
96.1
96.8
96.6
96.9
97
93.9
90.3
87.5
94.4
99.5
115.1
120.6
127.4
121.7
118.1
115.7
115.7
105.3
95
94.2
87.9
81.8
80.2
74.6
73.4
72.9
66.6
63
59.5
57.5
57.5
57.5
53.5
54.7
52
52.8
57.2
59.5
58.9
62.6
67.8
70.8
78.6
82.1
87.6
89.3
89.5
92.4
98.2
97.5
100.8
97.9
98.2
93.7
88.5
90
91.4
94.4
105.9
113.7
117.1
120.4
115.4
109.4
109.4
99.2
96.9
91.9
87.9
80.9
76.9
71.6
67.1
64
59.4
58.9
55.5
53.5
53.5
53.5
53.5
50.2
52.6
54.8
62.1
66
81.3
88.3
90.5
79.4
81.4
78.1
82.5
80.9
80.5
84.6
87.8
86.6
83.1
82.6
78.8
81.8
90.8
95.8
108.9
122.3
125.7
120.5
115
113.9
108.8
105.2
105.2
95
89.1
80.3
75.5
69.9
0
0
66.1
63.7
58.3
55.8
55.8
55.8
55.8
51.5
50.8
50.8
50.8
51.4
58.5
63.5
80.7
85.9
85.3
78.6
80.2
82.6
80.9
78.7
81.5
79.5
80.9
81.8
83
80.9
81
76.6
78
79.6
90.9
94.6
108.1
115.4
120.9
118
116.3
111.7
111.7
104.5
99.7
95.8
88.1
79.3
76.6
70.2
65.2
60.8
53.9
53.6
53.6
50.3
48.7
48.7
48.7
48.7
48.7
49.4
55.5
62.7
78.4
87.4
88.9
79.5
81.7
83.3
81.5
81.5
79
80.5
81.8
84.1
82.6
81
80.2
80
80.7
85.3
92.1
99.1
108.7
117.3
122.5
118.1
114.3
112.7
112.7
106.9
98.4
95.2
87
79.7
75.1
70.5
66.8
64.6
60
56.6
54.9
54.9
54.3
54.1
50.8
51
56.2
56.2
61.8
69.1
83
90.4
86.4
83.7
84
87.8
84.8
84.3
82.6
84.8
82.1
86.4
88.8
83.4
85.3
82.7
85
88.8
98.7
105.7
110.7
118.6
123.1
117.3
117
112.2
112.2
104.5
101.1
98
90.2
84.2
79
75.6
69.9
64.8
60.3
60.3
55
54.6
54.6
52.9
51.7
50
53.6
55.8
60.2
67
80.6
89.3
86.3
80.5
80
81.1
80.2
77.5
76.5
79.4
77.2
83
80
80.5
80
75.9
75.5
77.7
85.1
94
107.7
114.8
122.4
123.5
114.8
113.6
113.6
103.1
101.4
99.6
88.5
86.3
85.4
83.3
74.4
69.2
63.8
62.5
58.2
58.2
56.3
55.8
52.7
52.7
52.7
54.2
58.4
58.7
64.8
66.6
75.1
77.6
83.9
87.1
94.7
91.1
94.9
92.1
93.4
92.3
90.3
92.5
90.8
90.6
91.4
87.3
91.9
97.4
107.8
117.4
124.9
121.9
115.7
111.8
111.8
100.8
99.1
91.5
86.5
83.6
81.5
79.7
75.7
73.2
66.9
64.4
61.6
59.6
57
54
52.7
51.9
54.3
53
55.2
56.9
59.6
61.3
61.5
68
76.1
86.6
88.9
96.3
94.2
95.8
99.6
99.7
99.4
94.7
90.5
88
88.4
90.9
93.5
95
103.6
115.4
118.5
116.3
110.8
107.4
107.4
98.9
96
88.2
83.8
75
74.4
72
68.2
66.2
61.8
58.4
54.1
52.8
52.8
52.8
52.8
52.8
52.8
54
58.7
64.4
79.1
87.6
92.5
82.7
78.9
82.2
85
81.6
83.4
81.5
84.3
84.4
87.6
87.7
85
82.3
84.2
85.3
90.2
99.9
114.5
116
119
120.4
114.9
107.1
107.1
101.9
96.1
91.2
86.1
77.5
73.2
72.2
65.8
62.6
57.6
55.9
52
52
52
49.7
52.1
52.1
52.1
55.1
58
63
77.5
84.4
84.2
79.4
77.3
81.1
81.6
80.9
77.2
78.3
77.2
79.4
83.1
77.3
78.6
74.1
76.2
82.1
88.8
89.6
95.2
111.7
119.1
118.1
117.2
112.8
112.8
106.8
97.7
90.2
87.5
81.3
73.6
70.5
64.7
63.8
59.2
56.7
52.6
52.3
49.8
49.8
49.8
49.8
49.8
53.9
60.9
65.1
81.3
89.6
87
83.2
81.1
80.7
78.4
84.2
87.7
83.2
86.6
85.7
84.9
83.9
85.8
84.4
87.3
86.7
91.5
92.9
99.8
112.8
123.2
125.9
118.2
114
114
109.7
102.5
94.3
87.4
80.7
0
0
96
105.8
119.6
126.5
124.3
117.2
114.2
107.8
108.2
102.9
99.2
91.6
85.3
80.5
75.6
0
0
0
0
0
0
0
0
0
0
0
0
0
0
0
0
0
0
0
0
0
0
0
0
0
0
0
0
0
0
0
0
0
69.7
65.4
61.2
59.3
55.1
55.1
55.1
55.1
55.1
50.1
53.9
55.3
61.3
67.2
85
93.3
87.6
83.6
86.5
87.3
89.5
88.4
86.5
85.2
82.7
82.2
85.8
87.4
85.4
83.9
83.4
87.9
89.1
95.9
103.5
117.6
122.4
122
120.9
118.2
118.2
109.1
103.9
98.5
95.2
89.6
92
85.7
76.6
72.7
68.8
66.1
61.4
61
56.7
55.8
55.8
55.8
60
57.6
60.9
62.3
72.2
74.7
78.2
82.9
92.4
97.4
94.1
97.4
97.7
97.2
101.3
102.1
104.7
105.9
101.4
97.3
100.3
95.1
97.3
102.5
111.2
117.5
129.1
129.6
128.5
118.4
118.4
107.3
106.5
100.3
94
92.2
88.3
85.7
78.9
74.1
67.2
65.7
61.4
60.9
59.3
56.1
56.1
56.1
60.2
61.2
63
63.9
64.1
68.5
72
77.2
85.2
93.5
103.4
101.7
103.4
104.7
107.9
103.4
104
105.5
103.1
97.7
98.9
95.4
95.8
97.7
103.5
112.4
119.8
122.9
117.8
117.1
117.1
108
108.4
98.3
91.2
84.9
85.3
78.6
73
70
62.6
61.6
57.3
57.3
53.4
52.4
53.1
53.3
54.3
56
64.6
69.6
87.9
98.5
97.2
88
90.9
91.7
92.9
92.4
93.4
89.8
92.4
94.6
97.4
92.2
89
89.5
86
89.6
95.9
102
110.8
122.4
132.4
126.5
120.5
119.2
119.2
109.2
102.5
98.3
89.7
83.9
81.5
77.2
69.7
62.8
59.3
57.3
53.9
53.9
53.9
53.9
53.9
53.9
53.9
55.3
65.8
72.3
85.5
96.4
96.2
88
90
90.4
90.3
91.5
91.3
92.6
92.1
93.1
94.1
88.9
89
87.6
86.5
90.8
95.3
100.4
105.6
117.3
128.6
127.8
125.7
124.6
124.6
113.4
109
105.6
95.9
89.7
85
78.4
73.1
69.4
66.1
62.5
59
57.2
57.2
53.8
52.1
53.6
56.9
60.7
66.7
75
90.2
98.3
98
93.6
97.5
94.9
95.1
94
95.5
92.6
91
94.8
97.3
89
90.2
89
89.1
92.7
98.6
101.5
107.8
115.6
126.4
126.7
124
120.3
120.3
112.9
108.4
103.7
92.7
87.5
84.4
78.1
71.8
65.9
62.3
59.8
56.9
56.9
54.4
52.1
52.1
52.1
54.3
54.7
63.5
72.1
87.1
92.4
86.1
83.2
83.8
86.1
85.4
85.6
84.9
85.2
87.7
85.8
86.9
87.2
87.5
88.7
87.2
93.5
97.7
101.9
111.3
123
126
125.7
123.7
120
120
115.3
109.7
102
93.6
87.1
85.6
79
73.4
69.2
66.1
62.6
60.9
57.8
57.8
57.8
57.1
58.3
57.2
59
67.2
75.7
87.5
95.2
95.3
91.1
93.8
95.5
94.3
92.9
92.2
93.7
91
88.8
93.9
91
92.4
91.1
89.5
92.3
98.3
104
111.2
113.4
126.1
130.5
123.7
120.1
120.1
112
104.6
102.8
99
92.4
92.8
86.3
81.4
76.3
71.4
67
63.1
61
61
58.9
56.2
56.2
61.1
61.4
66
70.3
77.1
78.7
83
86.6
99
102.7
104.9
106.3
101.3
103
101.7
96.6
104.9
102
102.4
95.2
96.4
99.3
102.5
108.7
112.6
121.4
133
128.8
126.4
121.5
121.5
108.9
106.1
105.6
99.2
93.7
89.8
84.6
78.6
77.3
72.4
69.7
64
61.7
61.7
57.5
56
56
56
59.6
63.2
63.1
63.7
68.8
73.5
77.8
88
90.3
93.9
99.5
102.6
103.3
117.1
112.6
112.4
111.2
106.6
111.6
108.7
108.2
108.9
117
124.1
124.8
126.7
124.5
123.7
119
119
110.6
109.6
104.4
94.1
90
86.1
79.1
74.4
69.3
64.1
63.6
59.2
59.4
59.3
59.3
59.3
55.4
57.8
60.2
64
71.8
89.8
93.6
94.9
87
91.1
90
90.1
87.4
87.9
86.8
85.5
88
87.6
87.4
86.2
87.7
88.4
94.1
101.1
107.9
114.2
129
129.1
122.5
116
111.1
111.1
102
99.1
88.7
82
80.9
74.5
0
70.6
66.4
63.8
58.4
55.3
52.2
55.1
52.1
52.1
52.1
55.6
57.2
62.8
72.8
83.7
93.7
95.5
87.9
91.1
91.9
91.9
94.7
91.4
87.1
87.6
87
